8.9276034333	58.624186
-91.86731245	47.90330155
-122.39408975	37.78143015
20.2961057	63.8180908167
-1.8652727833	50.7417758
-97.036678791	32.8977138806
15.9687978833	43.52712695
-2.1605247259	53.4110534191
-92.2205471992	34.7284400306
-70.61256595	41.6509404833
11.983841617	57.70272015
-79.9751204252	32.7770840594
-122.3861503601	37.6163560649
19.070173502	47.4858164768
55.1390957667	25.0819028167
16.4975917339	49.3312681817
-97.9404927333	29.8832570833
-122.393682003	37.7956864865
11.960209099	57.702077281
-96.760841966	32.781540064
-157.8121098876	21.3061053552
-87.79951585	41.7485270667
11.599318683	49.924653533
12.5834557103	55.6345068283
-81.49236351	28.34689408
-95.3393554688	29.9877985723
-97.8073740005	30.2540350422
-106.67437	52.1597841
-87.8760363167	41.1426598333
7.1125906706	50.5403095106
-90.06794065	29.95705139
-121.6996195	37.9373292833
-115.2430259333	36.0415671167
-73.6070215833	45.4277707833
-74.297491431	41.478948636
7.1533548832	51.4597962686
-5.9206542	54.5974197
15.3827309333	60.3914717
-117.9189394534	33.8130281722
4.3610808167	51.9094030333
-117.2036975667	33.5606343667
-84.5162665844	39.0980778486
-77.0084899664	38.9974147081
17.8323554993	59.3612884215
-73.99650418	40.72237122
-122.1827463	37.4536053667
46.687823	24.71642
144.963382	-37.808944
7.718204933	48.262910767
11.0982513428	60.1935107014
12.9257905483	52.3928010464
0.0090284167	50.8766062833
-97.0356702805	32.9035150851
139.4475531578	35.5438048892
16.34609049	48.19690382
18.0409726	59.2695525
-81.2006592751	28.5557550996
-77.24892965	38.9777586667
10.7304668427	59.914880785
-1.0471509967	50.8255258649
-122.0933590833	37.4141490667
-98.0130377412	30.131826522
11.9443131333	57.6895259
-117.1510389833	33.4953304833
-97.76213245	30.2487087167
-73.9184704698	41.0910161816
139.6410530806	35.7511293446
121.0027589167	14.6303756667
-157.7420010823	21.3963577354
-76.6154020453	39.2911224365
5.727841017	51.029004817
11.436252594	58.2716184855
-105.16724075	39.99897885
-71.211694089	42.486414266
139.7056916356	35.7210558009
-74.8460487	40.099416267
10.316691033	50.96865775
8.0665236712	50.3888529539
-84.34973415	39.0744404
7.6357555389	51.9566701868
-97.3326677462	32.7527331486
-79.8201739667	36.095171
-57.627632194	-25.303841729
18.0626439922	59.3525032694
-122.3886394501	37.620894113
-82.3839104176	29.6209226588
-82.35703665	34.86832515
-97.7275386667	30.3706522167
-118.85430715	34.2044304667
-110.9431853	32.2499134833
-97.7330875333	30.3899645667
-3.18620812	55.9564903
-71.0824549198	42.3490295989
9.9438285828	49.7849425214
17.93616515	59.65389323
100.6008517742	14.077858724
-74.0714845833	40.9064372167
-74.9248120167	39.8919575833
16.8337583542	61.2589676033
-90.7049677	35.8408459167
-97.7386388833	30.2660172
-66.5412712097	18.4386269403
-77.0084792376	40.2133190632
-96.8521213531	32.8453777818
-80.1290845871	25.7802616942
-78.730394121	42.931868973
-79.5970077515	43.6061401367
8.4921956062	47.3900331891
-97.7348470688	30.3600450634
-81.8961740167	28.8470466333
-122.6900339127	45.5300571245
-92.4560987949	31.2709766018
-96.7722437667	32.9875467
-97.5162608335	35.4675583588
17.9302024841	59.6513302304
-97.44496425	35.2113351333
18.2908483167	57.6398016
121.063300425	14.588515425
121.440099352	31.217304433
-77.0318899	38.9144416
-79.096788168	43.0788189927
-97.085620601	32.775013231
13.0284440517	55.602390238
-86.77748697	36.16081303
-99.0968883	19.485248067
12.0210492611	57.7214146034
11.9431287833	57.6989782
13.32433152	59.4987384
-97.0983793	32.8826412
-73.5723288	45.5010197167
-95.5386543274	29.9603258869
-117.3727024167	33.9828465333
-122.4109768867	37.763099645
-4.2562043667	55.8624705455
5.73068595	58.974259
9.2758300838	47.3901502429
-118.3935457333	34.1431975167
121.5163322667	25.0392133667
-71.5607312167	41.4841985333
-89.0868501167	42.2798209333
8.0586391	46.38765531
-93.2639801502	37.159008335
-119.593429276	49.5003659486
-122.4250681667	37.7485920833
-87.9553312333	42.29346075
-97.40787279	30.56985682
-102.010820767	33.5194418
-97.7401685715	30.2635153076
8.3843788505	49.0043486773
-72.86503315	41.818488
12.5773394108	55.6299038981
11.59222078	49.92532908
-78.82464522	35.64497125
-82.396291479	34.865802267
-115.1748490334	36.0919648559
-111.65451705	40.2414056
-43.96282178	-19.86813855
-88.3751231432	42.1682524681
-98.1783889029	26.2321590672
-83.0462471333	40.0072522667
-118.3280968666	34.097590747
-82.9780941833	40.1504792
8.5949993134	52.0112959859
13.53567015	46.906838
8.6415624619	49.4119330076
15.284995	58.366755
-76.5637536333	40.7871415833
-93.3482510333	44.9711704333
11.95029664	57.70137923
18.0733144283	59.3197908729
-122.4371475883	37.796815709
9.9613723612	53.5512844268
-73.9846413353	40.6690757297
-90.06609046	29.95459157
-110.9741020203	32.2889466071
-97.3400127333	32.7322942833
10.40375643	49.86994713
11.9821469167	57.72473735
-85.9955102205	34.0025728941
8.2352855802	50.0832188805
10.6060502167	59.9047739
-105.1331090927	39.9330714595
-106.5005853766	31.7742566315
-71.12388	42.3970446667
-121.2731360833	38.7321793167
-97.7508115768	30.2472416794
-73.98553395	40.7578083
-87.9419353333	44.4755358
-77.4244580167	39.0232241833
-97.7455168962	30.3950647369
-76.1737994	43.0679514833
7.55929166	49.42362791
145.0112158233	-37.8130509652
-85.95779049	37.90342855
9.558688	56.170367683
10.8430016041	42.7726775408
-83.0245908	39.9866175
-96.7778124336	32.800394397
-123.1244122982	49.2823641206
-118.2497874833	34.0821107333
5.990756	51.199109
19.07854455	47.46886122
-97.691820974	30.299047104
8.5394239426	47.3781778812
12.7024365667	56.0399564833
13.191690988	55.696857647
-76.54671563	44.23824917
17.6339149475	47.6817431743
-79.4630116224	43.6735328111
6.9430637333	50.9288053333
-118.1561908833	34.1285974333
-122.1248826074	47.6738780231
-81.6959499833	41.5069328833
16.3863132333	48.2164892833
12.5413343745	55.72246685
-1.192598667	54.575340276
-70.63975184	43.16861974
15.1847079862	60.1508175692
-115.174612999	36.1022117465
-86.7787702833	36.1611307333
20.79208612	48.09788918
-81.09169915	32.0743700667
-122.3944365191	37.7626637735
-84.301738195	33.7756490982
-122.34464365	47.6154886333
-157.82579835	21.2795093
14.4406270981	50.050994141
-97.16097575	32.8378445167
4.4714140892	52.0430945302
7.1947125833	46.9716162667
4.2981004715	52.0451467628
10.69524472	59.99852383
-73.9862251282	40.7568799674
-122.81557696	45.52820476
-75.6214170667	39.1307144833
-77.4973206167	37.5799178667
-122.4073398113	37.7844947599
-81.4375305176	28.3394766291
-85.6049577	44.763920058
-119.3017762899	34.2763505158
6.29432755	46.42455035
10.6212271	59.8907154833
-3.7079501152	40.4218195232
-97.7607141833	35.4807742667
-118.59998083	34.18666422
4.43439167	51.23056131
-94.6609539333	39.2470382
-97.8479719	30.1833057333
12.5784230232	55.6884477066
-88.2561869928	43.0377590703
-97.10013335	32.7546485
100.647628718	13.687846728
-96.70457333	40.81582248
-111.9362346308	33.4147326686
10.584085676	59.936288499
-97.79158115	30.4589939
6.7194276	51.24265325
4.8650749168	45.7551044909
-77.3813332667	38.9695276667
-72.5485999245	41.7959424874
6.0980384419	50.7679453424
14.1653760833	57.7838663667
-123.1387634223	49.2589950945
-122.2746984667	37.5617360167
2.363820076	48.8674884196
13.3094108105	52.5187997004
-95.93290948	36.78564482
11.99409717	57.69335705
-95.5410146713	29.965993166
-122.3399631269	47.6068841272
-73.57985365	45.49611812
14.3934202194	50.0805252762
-113.5909241438	53.577350378
-97.8489855333	30.5404158333
2.806419033	41.678816567
11.3685709	48.13562
-115.172778368	36.1215488944
18.0724990368	59.3223363477
-115.44025403	32.65819585
-157.9218256474	21.6468381228
-122.6927729333	38.3623695833
18.0723488331	59.3356463495
18.0953350333	59.3480819833
-77.45399005	37.54650035
4.5202556333	50.9038067
3.062609783	41.812920683
23.7324849684	37.9685412306
28.0985204406	61.0622482387
-87.91653418	43.03862762
-97.2366094333	32.8476055333
12.6932479333	56.0453557167
25.7474365	62.242658113
-93.71958025	32.4790969167
5.7247245312	58.9211797714
-102.3306244612	31.8815548754
-122.4564763667	37.8729435667
-86.7371579167	41.6850418167
-73.4516883383	41.1026591084
-86.625876833	39.295596218
-97.6708343167	30.518805
-122.3943257332	37.776422099
-158.0338905256	21.3873807091
-88.2015728167	41.8306361167
-76.603522488	39.168334603
5.38924509	52.15724915
-111.9794717667	33.3052265833
-83.1436568499	42.4865594238
13.023583889	56.4677300299
-122.470972538	37.6699663583
6.0729449667	62.1444807667
-118.340496985	34.101611283
7.7153894333	52.2765563
-78.6187756062	35.8590221995
-118.049226444	34.135095771
11.4361137833	48.1491774
13.0243992805	55.7200889005
-75.2416706085	39.8772709259
116.586227417	40.0775460263
14.42266362	67.28893631
-98.6983823667	29.4555795167
-0.9044723532	51.539146417
11.8438145167	57.66082375
100.54458455	13.74508755
-81.7552757263	26.5278757785
13.00357949	55.57970684
18.061555624	59.3384915615
16.23437047	48.0078291893
-122.9121851833	49.2016375
-1.5266467167	54.9606121333
-115.0775411167	36.0705088667
-115.2216296667	36.0933578833
6.9155902833	50.9198672833
10.7415014505	59.9120571017
-86.7539262772	33.4606255
-97.7873799333	30.2577631167
-117.6789111167	33.5957323333
-117.9208275676	33.8112114892
-71.1187720299	42.3737242009
-74.130223567	40.15777665
10.75174287	59.937441025
12.9940916479	55.6104638001
-117.6653444767	33.553483872
-97.093563	32.684361
-121.8941688538	37.3375275606
-97.7401685715	30.2635153076
17.9382705688	62.7982308358
-111.7615062167	33.5789770833
6.714549717	46.502853717
-86.10862995	39.6116304
14.03709685	57.1866443
-87.6330871509	41.8538284124
-115.1697660896	36.1274474787
18.34602272	59.74470812
12.0776224136	57.5731797604
75.778973817	11.256761833
-79.4106643971	43.6652640952
-95.38315265	29.7766035667
-46.6599404868	-23.6259469296
-117.0602703094	32.9805611532
-104.673871994	39.8495018818
-3.69769825	40.425158925
-79.9806945362	40.4286180651
-83.220531689	42.6721261423
17.8269910812	59.4261984572
3.435143617	51.526802117
-80.6697964668	32.4319547143
-122.6621818542	45.5317932764
46.6344308853	24.7145174304
-73.6514210701	45.7100452068
13.7628242667	51.0468128
-97.8774952432	30.2017409921
-80.9258830547	35.187233834
-97.040348053	32.8974616458
-5.960091083	54.581666667
-90.15802329	38.62916284
-80.0853699876	26.355947804
13.665243	56.057218917
11.7149555683	57.7014237642
7.1103429794	50.7382612836
10.7293832302	59.9404712207
4.4022997333	51.22710235
20.2892804146	63.7931485351
31.17612528	29.9998297
-118.05099	34.134796
-71.1192132	42.2614233
-88.9336555	40.5348985
-0.1335203648	51.5283769781
-97.879384	30.236086
-82.4561691284	27.9469572025
-79.3514448667	43.7543699167
12.5217766833	55.8310979833
11.0122147152	49.4678959012
10.5197767	59.88577431
-77.03030335	38.91249257
-84.5602976833	33.9298270333
-77.0424292027	38.9219467339
-111.9393791167	40.6507879167
-0.10925225	51.5351779833
-87.9036712646	41.9780286285
138.6064543833	-34.92386685
18.0220200333	59.3597609
-122.4095860551	37.7753992758
17.9322624207	59.6500508829
8.8269245625	47.9735405875
-97.7452325667	30.2667975333
-97.7493953705	30.2691029532
11.59573205	48.1344742167
-93.2622489667	37.2028648333
5.3659343487	60.3391589737
-123.94142746	49.17013484
-0.3439021111	53.7432416897
-0.1341616667	51.5267389667
-74.0028381324	40.7341826895
-123.1035071611	49.2795925337
-95.5408859253	29.7810656452
-105.1324975491	40.0137289302
-95.6904292333	29.9696435333
-0.205231905	51.4208075498
13.3761119833	52.5186502833
-79.3753087521	43.6476436852
-92.35956615	34.772899205
-123.1205619872	49.2810973287
10.6866159258	59.9189630853
-95.3393554688	29.9877985723
-96.7512482833	33.0397121
-118.442524332	34.0395174807
-87.62292273	41.8888626
139.6547940373	35.6562087482
-123.1182216833	49.28024635
18.0760352255	59.4052798897
11.92749985	57.6836648333
-97.7374649	30.2715718667
-87.6495091167	41.9435711
-115.1584895333	36.1639768833
-72.5677600833	42.3705709333
6.9581651688	50.9434487518
-97.7457743883	30.2670412139
-97.7385485172	30.265294493
55.2011704445	25.1192728391
-72.315396667	41.039859733
17.9442358017	59.4033032267
6.9434293333	50.9370027667
-97.59412605	35.53849995
8.5681278	47.434130317
8.5466209333	47.3663759167
-118.4842503167	34.0254193
-87.6617071167	41.9471756
-0.411632317	51.879546417
17.5694668293	59.8544230655
6.33182704	51.5152409
18.0007982254	59.3598394606
12.84608165	56.169961067
-122.4527760667	37.7693329333
23.7354812667	37.9752651
-117.988318533	33.729186667
-96.82602615	33.0757873667
-82.35865715	34.8687802333
-122.12916175	37.4156798667
-118.4658197	34.053126217
-93.8036835194	41.5702036059
-97.7396629	30.266895
-90.3753141	38.4452645833
-85.7766691	38.15103775
-71.39210405	41.8221447667
18.0725044012	59.3160434776
-96.75290209	32.83642095
-117.099329822	33.591841538
-74.3535804749	40.7764792795
-77.0566087961	38.7997742364
-81.56547125	30.19238585
17.9475188255	59.4027407504
-74.1795158386	40.6912468675
-73.203955	41.745895
10.7424837171	59.9135531146
10.441076	59.8333358
-122.4468527833	37.7871247
-65.9942641854	18.3956549355
18.0728437	59.333005817
14.1576906167	57.7809637833
-73.9926946163	40.689412407
-97.7681394	30.26382575
-76.371717453	38.9913706259
18.952665875	69.64735155
8.7036931515	50.1048912915
-97.704859972	30.3125330367
121.06247323	14.63778114
7.1907998333	51.4566674333
16.8022584915	50.1013816972
10.3346887253	44.8062063956
-97.2814464569	33.0365140407
-97.78768545	30.4457767
18.0763614178	59.3080025659
144.889549954	-37.791080751
8.3893356323	51.7546691895
-122.4414314333	37.7771993333
-117.987779567	33.68110295
17.8720736504	59.3632621894
3.2169046998	51.2360380461
-73.9206520046	40.762949214
-118.51224946	34.41561931
-73.9794820547	40.7560144416
-122.4799190462	37.8326611755
30.81398445	-29.74963075
-97.3482222	32.7889275167
-104.9808454514	39.746373302
18.0744302273	59.3128432199
14.3666410446	67.2726229882
18.0975937843	59.3162433126
-122.4306726	37.7856781833
-0.139556638	51.5190965833
-74.21572715	40.95018315
-122.417363898	37.8060907854
11.9710574667	57.7089262
14.8057407833	56.8779282167
-0.1111873333	51.5856854167
-88.5374322167	44.0159396369
15.1406729221	59.1265140764
-97.7395677567	30.2636079743
-73.6724603176	41.0410218825
18.0816936493	59.3429504048
-73.9553347167	40.7183635
-157.8142878413	21.2982111598
12.021586933	57.712007533
18.0614161491	59.3438585147
-84.3838483818	33.7877755091
-104.9881088734	39.7373893243
-122.3024786013	47.4388875782
10.79301381	52.43302595
8.47757667	47.51442462
-122.1610271931	37.4442843376
2.35417449	48.88074505
-97.3446392833	32.7308417333
-94.8091745138	38.8874843451
18.0827459	59.2668809667
-97.6798805594	30.5095117825
-122.34716155	47.6145366
-72.5972163677	44.563016155
-97.7137327194	30.3257213012
-77.03652894	38.93072336
-66.1631548405	18.4074894671
-97.1323963167	33.2194025667
-83.7331643099	42.2419445097
-81.3113937073	29.8920682542
18.0580794811	59.3301577
-97.7359735966	30.2785447029
-157.9785060883	21.3971490227
-87.68204485	30.3760684
-77.3070251942	38.8333729316
-122.399755	37.791664
17.975966312	59.353300685
12.4924007833	56.9037932833
2.35418015	48.8682272333
7.13835543	61.15750706
-117.1819353104	34.0586504566
22.8443524833	62.7920901
-97.7400130033	30.3275965949
19.8285198212	45.2645194112
-118.4130370617	34.0552905513
-2.9696559906	55.9626059581
-2.1756175333	53.0258844333
-9.4022673	38.705981467
-118.2420707671	34.0496928278
17.5677479833	59.0934210833
-97.3205208778	32.7966363706
-96.8147516	32.7414541
-96.8138884	33.140801083
-118.2937688833	33.7103856167
-121.8986828833	37.6584289833
-122.2824155	37.8289006
-73.9902501077	40.7370974939
-3.2011842728	55.95018502
-80.1317492	25.7840774167
-73.9702969	40.759882325
11.7910122871	48.3541672373
14.364066117	67.283695933
-74.2591379333	40.5970952333
-84.38183104	33.75119531
-94.586019516	39.0807819993
-121.9037522	37.6995009167
-97.040348053	32.8974616458
11.574509737	48.17400451
-73.8899606466	45.4417020191
-87.656596899	41.9470908435
-81.2221756667	28.5980634333
-97.7541061894	30.2693092936
-118.1425704956	33.8704299927
-76.6258589167	40.2718627333
-122.4267354333	37.7429385167
13.0448269844	55.5709206751
-1.575065033	50.824187733
18.0656021398	59.3353894755
11.3835403	58.244949417
-97.7219658963	30.2573516804
-87.4714181547	37.9778330749
-122.4305701833	37.7331289167
5.1700059194	52.237228894
-93.6205871103	41.5892843535
9.1732299328	48.7795812673
-70.8872115612	42.5201934466
100.58534955	13.75370311
-93.6186647415	41.5919041739
121.51899665	25.057417567
7.8403988333	48.0165615
13.3976662159	52.4889869506
-0.1345825195	51.2584773152
-80.1557028294	41.1397766557
10.7586572	59.9230084
-73.97822368	40.7666198
-97.69019621	30.56404459
-122.1240485833	47.6765930667
139.7393345833	35.6286632585
-97.7401685715	30.2635153076
-111.9752181833	33.317195
4.9466868	52.5091548
17.910955293	59.472076344
-122.3899084037	37.7906937699
139.34846729	35.32690173
18.0590199833	59.3376468667
-97.4512238	35.1820962
17.997225523	59.2983137127
4.3904606459	51.2051165661
-83.1025472833	42.2340932667
39.11230403	21.6960904
7.2497856617	51.2662315532
-122.4232607333	37.7779015
18.09476895	59.29538765
-84.2955154181	33.7743807053
-75.10024245	40.0060632
-157.842271328	21.2905239701
-122.4053817987	37.7860506809
14.4267783595	50.0814833313
-90.4974967667	38.5932601833
-122.3841292333	47.6673993
174.8064601421	-41.2233267088
-76.5928683	39.2822475833
-84.3334150314	33.9505512748
17.9322624207	59.6500508829
10.736311126	59.9147633347
-66.8974471092	10.4999858768
153.032351935	-27.38255387
-118.3260862333	33.8665940333
-118.4487923687	34.1698812265
-80.1370668411	26.3636494402
-0.13723665	51.5154499667
5.9802961349	50.8786824825
100.48262619	13.75144898
-122.4235066833	37.7648812167
-71.0967886448	42.3470651092
17.9085359667	59.6312789
-97.7148485184	30.3127090153
-97.7445030212	30.2670273144
-104.9520277977	39.7490954883
18.0731642246	59.3122682914
18.1112291667	59.3607933
-66.03061035	18.4442525167
-72.8275136167	41.2775320167
-71.06001075	42.3586089333
-97.6049902833	32.6928817333
-97.762506	30.2546525
-0.1413202286	50.8296860784
-80.05575315	26.7133668333
118.0650486	24.4431991
-96.7097109667	32.9848503667
-96.8498468399	32.844584573
-0.1194870472	51.5033065875
15.392112642	67.102088154
-97.7385508333	30.3128531667
-96.75970315	32.7770125833
-117.9069118667	33.9033450833
-122.420348525	37.7786014651
-0.13829555	50.824221933
-97.3491346836	30.1104776965
-2.9773271084	53.4075812218
12.5845182	55.6866209667
-95.7894730568	36.0519788083
-117.066397235	33.071072239
-97.74169205	30.2708423
-66.0170924664	18.4424131331
-121.4028572833	38.5760095167
-96.6818654537	33.0034339428
-4.2623266	55.827455
18.0539640694	59.3178777254
-97.3746345833	32.6804162833
-95.3533058333	29.7541554333
-86.74266242	36.08842396
-87.9723653197	42.2400733896
-117.75041827	34.05605565
-97.71716797	31.0881018
18.73030811	63.30790048
-122.35721125	47.63799375
17.6471757889	59.858582348
-118.3767521381	34.0698136299
-118.1919537167	33.76431245
10.4332746064	59.8356311074
101.717245	3.156077
-70.060629833	41.7422533
-86.8009417706	36.1363589868
-96.7413568497	32.9427713188
14.1188907623	58.0001391251
-122.3627126	37.8122746
-111.9848012924	40.7864960981
-2.2729651	53.434702283
-88.2127975167	41.7588071333
12.134394383	57.656932033
-0.1636147499	51.4996333344
-2.276770733	51.187327833
11.55896335	48.1767653833
110.370303567	-7.8188563
8.006426096	58.162618706
18.0602788925	59.3391973561
-84.8784856333	35.1739250667
-73.9855156833	40.7599271
-88.8425699833	41.34827955
-118.340006805	34.100005083
-97.2916066647	32.774718369
-122.4203646183	37.7697309587
-84.6521328333	39.0058516833
-89.8032331467	35.1251737909
12.3654556274	51.3432097435
16.5459283833	46.01435865
-73.9536819489	40.7710342393
-87.2740978	30.5329498
-80.067181147	26.58848301
-86.1053230667	42.7901964833
-123.1223738194	49.2838968253
39.160153076	21.56134128
-99.7195689167	32.47531455
17.91367131	59.00682365
-156.0274503833	19.7000797833
-123.1182324886	49.2858633765
17.30840205	62.392033333
-83.78025535	39.4532053833
11.9804084301	57.7066349768
-96.8593959333	32.9100037
7.452279	47.0200562
-117.9174358	33.8119501167
-77.4664279667	37.5955554667
-97.45877951	31.08238852
-95.2358450333	33.1599487833
-2.80268345	54.048320083
18.0751597881	59.3360348444
0.716217067	52.244567949
18.04774993	59.34894752
-81.5558383333	28.36724105
-95.62866532	30.08135241
-96.8098443167	32.8077553667
-117.1558105946	32.7095007068
-91.1454831	30.4181868667
12.12225085	57.66540622
-118.2540780974	34.0511833159
-121.8532549009	37.2749071301
10.6347709894	59.9128585143
-82.996519276	39.938139311
15.129212	59.12061805
16.196937561	58.5896127813
19.790710867	60.395779083
-82.9224175215	42.5229827805
3.0973199333	50.9518245
-97.529963851	35.5388920741
-121.8384432667	47.5433778667
9.1334184	48.7772089167
6.7770363333	51.2332327167
-72.9258052003	41.3551398041
-1.4862120152	53.090312897
-97.7937054634	30.162883346
-111.930111	33.3560277333
8.72374	47.499074
100.7483196259	13.6898969614
-75.46829938	40.2686122
-96.78339655	32.82670255
-121.91510225	37.4314271167
-97.7574298477	30.2638635327
18.0718445778	59.316845548
14.5272461333	46.1014343833
-97.7422499657	30.2679817431
-90.19150042	32.31643974
11.9989478588	60.1911800948
-94.6472623944	38.8556776178
100.3578221798	13.7771403757
-0.09061443	51.50461626
47.0591586828	24.9681583518
5.2189135551	52.3362896434
-79.37501303	43.65126991
-82.7820740205	39.9871908268
-122.3412968989	47.6103800201
-122.429022789	37.7515880536
8.8469337833	48.88896925
-71.0569600333	42.35918885
-99.178408527	19.375298928
13.0004339667	61.1756559167
8.5337376595	47.3868334293
-93.0813140869	44.8842086792
-97.6716637167	30.4790016667
101.73757275	2.81189135
-117.5265562534	34.1125151833
7.854130417	49.841963317
-81.65748525	41.5055318667
-74.08220726	40.923618577
50.21261787	26.32924729
-84.4371414185	33.6386325813
-0.1651918888	51.5873564136
-78.6020620667	35.9046321833
-82.8341359	39.980227
-105.1282223667	40.1437785833
-77.0214549045	38.8947829065
-82.343569994	34.869410213
12.93671756	57.71948945
14.2721629	57.7984178
-122.2018254611	47.6171924488
-97.7295461167	30.2292449333
-96.6428994667	33.1301461167
13.21346725	55.7115117667
5.461369467	52.503185383
13.3779927	52.51413465
11.2498059667	58.36143265
-83.9841485023	34.064907703
47.961185517	29.28013115
18.0810239855	59.3123733978
114.942904883	4.889020067
-118.477573	34.0360589
-77.0132160187	-12.098766468
-0.1234030724	51.511747269
-96.7613660194	32.7986704369
18.0551605656	59.4650425884
-76.6329916667	39.2351136667
126.4515686035	37.4487228394
-95.8871054649	36.0664545266
-73.7828063965	40.6438845363
18.0658915	59.4424395
-86.7880827833	36.1751828
-96.6134828167	33.0120513667
-83.378959641	33.9587325892
-122.3942828178	37.796042559
-87.25778852	30.48631287
-97.6679502167	30.4096208167
100.70085615	13.656898233
13.2730722427	52.5367168012
-112.26883924	33.46170431
-8.6457097348	40.6278217581
-96.6963113721	33.1751554443
-96.8304793	32.9963471333
139.7489111833	35.6461191
-95.4298115	30.0516508667
-97.7599647667	30.2794862333
10.845029033	59.82395295
-98.3266020833	34.6054824
16.6191601753	49.1718113422
-0.0869196653	51.5054970412
-122.0328455667	37.32875685
139.7020398982	35.6485737057
-74.3464565277	40.7978799663
18.071308136	59.3183948864
11.9798076153	57.6984572411
-97.7733348333	30.4335298333
-87.8276275469	42.0101326324
13.3694386482	46.8363138003
-122.66190945	45.5298633
-97.7401685715	30.2635153076
19.0598738194	47.4939506325
-75.2416706085	39.8772709259
-118.3438333869	34.0627234966
-93.2757711411	44.9738609786
-94.1602740333	36.06186585
-87.6205158234	41.8758242113
9.884630817	59.847134867
-118.3392763138	34.0625041723
-2.2336252983	53.4814055794
39.15594536	21.55916327
16.5963613987	58.6371919076
-96.610906975	33.683281956
-117.8356095167	33.83189545
-77.0317822695	40.9239113331
13.1409280833	55.66500135
13.4104120731	52.5393401128
-81.2255716167	42.9964113167
8.5376268625	47.3798924166
-122.6757813	45.5204255833
18.057924269	59.337622406
-111.9932917833	33.3057753167
39.1386008263	21.5473063777
-91.1352152123	30.4446135003
-82.7847936941	39.986018954
12.83841215	56.4348719833
-73.5610198975	45.5152337672
-77.7200684043	43.2208496327
-80.8489465714	35.511688273
-121.5637322833	37.0226794
18.0162471667	59.29546065
18.079097271	59.3039663355
-117.7503115667	34.0568048833
-122.410133176	37.7881256564
15.4402971268	47.0710644753
-76.453653574	41.0176638989
-97.741574049	30.3892482768
-84.1735610962	39.7249069214
18.9145308	59.2893279667
-118.87552997	34.18501898
8.67546605	50.1154959333
46.7753756046	24.722128901
-122.01611655	36.9643347167
-96.8994690167	32.9077306167
-97.7622780411	30.2746648494
-88.9925569296	40.4600991353
11.9763228588	57.7004816568
-2.8863466667	53.5662952667
16.509645067	59.645137867
-118.60564	34.19135
-70.898811	42.513317
-76.8191485	40.2918307667
12.96968555	57.7096342667
10.7671523	59.94884514
-83.2501263168	42.4787682708
-87.6159453333	41.8947207833
5.97580575	51.5269898333
-121.9007923333	36.97690905
39.1095458667	21.5700982167
12.9969128	55.54951095
-97.700909	30.422359
-5.9324723944	54.5972367731
-0.8933067	41.6561947
-90.2578353882	29.9839699528
-122.080013752	37.3689378793
17.14071035	60.6752479
145.3747631	-38.5210958667
-86.6741412878	36.1585378647
-4.2632934451	55.8654281616
46.6737359762	24.7610098164
-80.373957	33.9491096
-92.4216377735	34.6487962752
-90.677700246	35.841060744
-74.8244944333	40.04090635
-105.2773931623	40.0191540631
-98.1140390167	31.7035416333
-46.66477515	-23.60248985
-81.1513750333	34.0714503167
-1.7810860081	53.6467717441
-97.4364011667	32.7372151333
14.64039891	63.17448621
-83.9190351504	35.9653056167
-83.79553275	42.4306074
13.3775711	52.5162041167
-94.6717169667	38.9155212333
22.1541040833	65.58239785
-117.1335887	32.7483313167
-0.1135770019	51.4553486748
-118.3900237083	34.0802466674
123.45328778	41.79916077
-122.3978233333	37.7648913833
18.0634009838	59.3354220053
-122.42334835	37.7763841833
-87.63469075	41.9116217167
-121.9823046333	37.3521778833
-77.3585128784	38.9667129517
-89.0868501167	42.2798209333
115.8642411232	-31.9549205004
100.60961747	13.78616791
-2.6362466812	51.0149966173
-0.7555890083	51.293377858
-4.30791151	50.49967908
-80.15248881	26.2064526516
-118.23067585	34.2189797
11.89624975	57.6213303667
-87.78401876	41.568634249
9.16860872	45.47846424
-87.6253825963	41.8966873407
-117.9171339833	33.8116813167
-0.0824189186	51.516000406
-118.2948319667	34.0841657
-122.4038743973	37.7831295924
-105.2833530307	40.0173546347
-120.5396188066	47.002263457
-84.3032817163	34.0543423791
-97.5334355	30.9595569167
5.3741383553	52.1537210421
7.78276495	52.31261685
17.664451067	59.403999267
17.854309082	59.1954879761
6.916179143	50.930787284
-121.8936431408	37.3361200571
-97.7485156	30.2583003
139.7005176544	35.6594886378
-122.4579612519	37.7638118721
11.0017561913	49.5958998334
-122.4723833799	37.7640330791
-0.15173285	51.4453378
4.3546369333	50.8474105667
-82.99465	40.154453
-86.243815962	41.7009480015
121.543455	29.880421
-86.8037388413	33.2284797962
-97.3455512524	32.7768562883
-83.4580846806	42.3062900698
7.009052728	51.438763189
-96.7364698648	40.269151926
-96.804133191	32.863037885
13.0085394534	55.590573121
50.1962971687	26.3613423046
9.929756	49.79251
18.0108947764	59.3375015261
13.3360290527	55.7089140343
18.0719822435	59.3348620726
-75.1703884467	39.9517302826
-0.1425347311	51.5089475454
-93.4100406819	44.9585875393
-97.7311992645	30.2839276688
8.5287265833	47.3771169167
-89.6081268833	39.8022250833
-1.5737947	52.3885131
-84.943396083	32.508540483
-95.129070282	30.0132198339
9.9164633333	57.04370775
-122.1618103981	37.4395481213
10.7696875192	59.9153615784
-0.1381638756	51.5131720638
17.30576372	62.39331597
-82.3362946667	29.6517233333
-85.1822723333	34.26469705
-97.0512485	36.1203246167
-97.7265429333	30.3047132333
10.7278846667	59.9148959333
-81.3187944889	28.6341781428
0.1230865717	52.2035893778
-80.1306915283	25.7868499756
-122.4111056167	37.7740430667
16.442864533	57.27068805
-105.2739331126	40.018977409
-122.3025512695	47.443414388
-111.9082883333	33.4945923833
-77.0300924778	38.8912415936
174.7831463814	-37.0054143777
17.6471757889	59.858582348
17.9706091429	59.3661215049
4.3092573167	52.0757395333
-77.06119505	38.80647795
-98.4897483871	29.4255203434
-43.17607825	-22.95779895
-73.9755821167	40.7516598667
10.8039870333	59.773715
16.4776790142	56.6556780476
-101.8753945827	33.585227857
17.6397236324	59.8458994715
18.0605663167	59.3285004833
-97.751248533	30.28343665
-75.162320137	39.9530843746
18.7032076833	46.3457491333
8.6903572083	50.5767848822
-97.358594995	32.750202241
18.101670742	59.2365228429
11.94722795	57.7298870833
18.043769896	59.3297746106
-118.3113116026	34.181648454
-97.5024877	27.7747845
-121.30804305	38.6647271167
-104.8628168833	38.84710245
-97.00706805	32.83348055
-2.803332033	54.050078683
-96.8510360718	32.9439849854
7.0073139668	51.458820285
-97.6970879833	30.4051875167
-85.3667933333	38.3935184667
8.5702800751	50.0528679247
9.91947405	49.8013347167
-97.7243779667	30.3185284167
-73.9858690391	40.7490129856
10.7583191833	59.9231071167
-95.3483467807	29.559042925
-117.2125724099	32.8729268738
-73.9872911036	40.7397436073
12.7624594167	55.9682523167
-73.9444363117	40.8344794938
-0.14449595	51.5380775833
13.3223742167	52.5061985
0	0
-117.2121375833	32.7540141
100.6189048	13.8114159167
-122.4083655333	37.7818469
-73.8000798225	45.6228847488
-90.065346328	29.9445219248
-71.0621378667	42.3644148167
-97.7402612952	30.2704662616
-96.8103432655	32.7905034822
-81.8958973167	41.4198583
-97.012451113	32.835567087
-82.6500713825	27.7263392351
-97.46159715	35.6679812667
-0.1264071465	51.5318410147
-87.90170204	41.97551631
-97.4437325139	35.211915681
-96.7734601833	32.80397825
-122.406181097	37.7922443632
-104.9631296	39.7432821333
13.5149002075	52.37895253
13.24338175	55.5159034833
16.53979595	59.6089405333
-75.2021011833	39.9528715167
10.7089474333	59.9124678167
-80.7666755333	35.2338698833
12.7145290375	57.1344519433
-97.7614974833	30.26230215
5.3814446926	60.3771806082
-120.50560379	46.60334223
-0.1364121539	50.8270150147
4.4299900532	50.9129912835
7.032493847	43.550734065
-84.3175480333	37.7368408333
12.582859161	55.681233014
26.1071205139	44.4315887495
8.7706404761	53.0975446635
-87.7461390481	41.657783456
-118.355034	33.8709980333
-97.7755093575	30.2825008873
7.20301163	51.27167248
13.50282579	59.38077908
-122.4333626032	37.7693009377
11.9450505	57.68510955
-97.7430546284	30.2793322465
-2.15904865	51.5097900333
-84.995054558	41.849369644
-74.1584119167	39.9530637833
-96.8049788333	32.8653216333
151.1306958285	-33.7858076907
-81.5573555167	28.3695082167
-96.9719624519	32.8875158116
-121.9104999	37.36365075
18.0857867002	59.3334931316
-122.4088823333	37.8069459667
8.67891132	50.10152071
-76.6325998167	39.33096885
-74.9053099	40.2229474667
-115.1134139018	36.1837670209
16.9727772474	58.7476301193
-97.7225679159	30.2835524458
-97.7548670769	30.2291391988
7.5604524667	50.3581164833
-0.2293181419	51.5144180451
-81.71493465	38.33818595
-81.4658868313	28.4722987771
-87.62411838	41.90114933
12.7224669833	56.0160857667
34.768985655	32.06849679
18.0500435829	59.3174587222
11.0732898	49.4488266
-73.9780068398	40.7628560543
9.1773160167	48.7806548333
-121.9019532667	36.6179811667
-97.7067175	30.3297376
18.0174815655	59.3344644221
-93.2067355	37.2380395667
-81.2208080292	28.4011214523
-104.9402475357	39.7054863321
-96.7941366428	33.0511044142
-157.8704345226	21.3156333015
-0.5721577325	44.8311527135
-94.647077322	38.915107981
-97.7384305	30.2654520235
100.510899233	13.671037767
10.58523885	59.9210466
13.4012149833	52.5324307167
-85.960496664	32.9318511486
-118.0158148167	33.7440445
-122.01889665	37.3219700333
-121.8997899	37.4171158
13.4063243866	57.8027233717
18.0494992333	59.3429899333
-73.97187525	40.772789
-97.7509832333	30.2703917
-124.1054677963	43.9667816289
-97.4865123833	35.6241866833
-122.6790528	45.5193698167
11.9949025451	57.6889323204
8.5428433667	47.3804333167
12.5888286667	55.6795667333
-96.8046396472	33.1206988175
-98.70408855	29.43382775
99.95996654	12.55768799
-97.7417525	30.2665083
-122.2594106197	37.8692468045
-94.8563239	32.3635304167
13.5125573333	52.3905347167
-0.1330947295	51.5163402671
-81.1783288	28.8792276833
-79.20852895	43.1782214333
-84.8764843667	35.2020506
-122.35430095	47.61442615
-6.2779748167	53.3470584167
-93.2141017914	44.8812351421
-111.87995265	40.4368440167
-117.8902166333	33.8724504667
-122.4359907333	37.7609819167
26.1266040802	44.4201875927
-71.0826158524	42.3472217156
-89.7094162672	39.7492651562
-97.32079945	32.5429686
-97.8414189667	30.2175793667
-97.1328341667	32.8360868667
4.749833329	52.267406008
-96.8326592445	33.0309734188
-87.9005661011	43.0896987915
17.83049029	59.42047178
18.6765432358	45.5596770982
-79.81040085	36.0894151667
-97.45051974	32.77030014
-122.6785755157	45.5186994151
-110.82984286	43.5833652
-74.01426494	40.71408659
-101.8721973896	35.1870042086
-97.77069664	30.27501195
-96.7353862524	33.0413707928
18.2329555	59.325814667
-95.4001365667	29.7697607667
-80.578379733	40.674846233
18.0162906647	59.328143696
12.7517153833	56.0467201
8.1710922718	49.5580893443
-3.36071163	51.51347297
-74.4154117667	40.8686655667
16.34163045	48.1964812167
5.60533715	51.010475067
15.626013279	58.4161222106
-86.6246062517	31.8291789293
10.7572406944	59.9235331821
-122.0779236667	37.6961744167
18.057757616	59.3610259728
0.1322505051	52.2080764771
-97.6708066463	30.4332101827
-97.040348053	32.8974616458
-122.5579174333	45.4073123667
8.482402233	49.454166183
-93.2980120182	44.9490898102
11.9661719333	57.6983405833
-97.7846181393	30.2269329338
-81.40700221	30.32543653
-82.4033725262	34.8563417873
18.02403622	59.34097754
-85.240189	35.021012
-0.1361060143	51.5151858642
-122.0158154667	37.3227525667
-122.2059919833	47.4796688167
46.6141451	24.719011
-97.7569540833	30.2452530333
-122.4161492259	37.7776835251
-97.7929494667	30.16677315
-159.46926715	21.8830861
-122.4679684639	37.7675089253
6.875231266	50.933456248
-122.4099683762	37.7826547457
-82.7306229709	27.8819322329
9.9892151667	53.55993675
10.7812142372	52.4466658356
-117.7831020167	34.0743415667
-73.9862251282	40.7568799674
-81.3623911142	28.5879415312
12.987766	55.583615
-97.0491177975	32.8237897621
138.6007521667	-34.8470096833
-87.6216101646	41.8924463655
-58.466515477	-34.584176637
-77.11350542	39.04997241
-97.7292358875	30.4115682711
-122.4850741001	37.8591774007
18.061901	59.4064491833
100.532200183	13.736632517
-122.4070286751	37.7849695949
10.1623213291	56.1088937941
15.586681366	56.1611818244
-158.1028318405	21.5909731034
-0.2001793	51.5435120667
-76.2086284161	36.8626349854
-84.4903993607	34.0908294665
-91.5045154095	47.1195888519
11.9524489333	57.7207957667
-97.5444102287	35.5250490195
17.1264624596	61.2597334385
-73.9883627148	40.7281729312
-122.4306133	37.7515319167
-90.1340889931	29.9442619085
-149.83725375	61.137326733
-117.6082312563	33.4211246268
-1.4664927	53.37900675
-93.246561	45.123631
-0.1508406079	50.8239518397
-121.9699463	37.3241463833
116.43576255	39.9070073
11.9557265833	57.6961466167
-1.4628070593	52.9161838596
15.9713745117	45.7966136652
-79.843922142	36.0384742489
-120.6415083	35.14068155
23.7589216232	61.5016523845
13.40238595	52.5230298667
18.1998242	59.3119232
-121.3642178144	38.5956983046
4.4337457	50.9129565
-76.8972833333	38.7643678167
-89.2586284	43.1864287
-111.9400316714	33.4228056952
16.5570616722	59.6251481032
-95.4865775	29.8155189833
-122.3567748	47.6248311833
13.1893873215	55.7045556349
-97.73868605	30.36551135
-97.60795533	35.50932943
-95.4556066167	30.1640964167
7.1656346	50.7599850833
16.3156360388	48.1766849756
-75.43111885	39.8282730167
-97.6671266556	30.2015573297
13.37839806	52.51629132
-122.43377835	37.7638935
-73.9784329499	40.7611143373
-83.0861808391	40.0966102003
-90.2921994	38.5869190333
-97	38
-116.2880492	43.6046691
9.870935593	57.02696831
-117.9209610333	33.6733186833
5.3191637993	60.3914959299
-82.72207707	28.06183306
18.1523966789	59.3485409124
13.1874307167	55.7097384833
-89.3762898445	42.9128748671
-77.22525545	39.8113522333
-122.4066276561	37.788246529
-122.45174075	37.7690849667
-0.1689040661	51.5195788761
-77.8497433662	40.8066876207
-111.8305528164	40.4219828784
-116.546779767	33.822173517
2.359199317	48.855587267
138.5994826331	-34.9230557358
100.572205117	13.7699101
-77.0424292027	38.9219467339
-97.7502392	30.2227159167
-71.38975369	42.29914766
-117.8932381833	33.7835581667
7.2166657448	51.4768792852
8.272298643	51.860387304
7.4627101421	46.9415424798
17.9839186617	59.3663437463
-80.0511870871	26.7132876023
18.0684747564	59.3383516018
-96.7372583667	33.2110247167
14.13800716	56.55334317
-77.0637796333	38.9053237667
-80.30724054	25.61562865
-117.1597480774	32.7074695029
8.52258461	47.3583213
-81.6932509856	41.4966106583
4.7006582633	50.8775685008
-117.1301123	32.72170875
-82.5237568667	27.9445842333
18.0550968647	59.3448760065
100.5452281237	13.7802135944
-117.2284126282	32.7645242079
10.790749088	59.963203365
-58.3779680729	-34.598719505
-122.4211692667	37.7565550667
-122.6423904833	45.4462000667
17.26238835	62.3916831833
-80.35613226	26.0668894
-121.965104657	37.2315647247
-74.0387535095	40.7324539986
10.18472909	49.37989121
-97.5076746941	35.4651877773
-89.646935463	40.5694529378
-73.95947587	40.80227965
17.71680772	59.94330757
-2.5177037716	53.4955391681
7.2584438324	51.4484174101
145.7766717244	-16.9230961267
-81.550676367	30.186979067
-122.4004902459	37.785102377
-117.5546979904	33.3691639136
16.3429033756	56.6863610558
-97.745031	30.280117
-2.56867085	51.4430023833
-81.58107615	28.42069575
-81.471388042	28.4725463448
28.258387115	-25.78595313
-123.18435108	49.12402909
43.5552688309	26.0511594465
-123.1011205	49.261052167
-95.7632787667	29.7335321
-1.1446408	52.9527082833
-121.24781255	37.985605867
-78.7623266333	42.9143198556
-97.72598245	30.2661269833
-75.0104380667	40.2120103667
4.618201111	50.935264951
-106.12917971	38.83575177
-95.4110501524	29.7332418355
-97.7362686396	30.26705743
28.234770267	-25.772412483
10.1576113701	56.0636629171
18.05605119	59.34392005
-96.0230993	41.174516
16.555320021	59.630997584
103.9460355667	1.3269942833
8.2267087667	50.0838805167
100.68238225	13.9333982167
-83.0896453333	40.1103551167
98.976024762	18.796608782
46.690791117	24.664295733
-97.7537190914	30.2700758938
17.85796472	59.623258392
-73.058394997	40.945969762
-77.7200684043	43.2208496327
-86.5967666667	34.7149361833
-117.82033665	33.7394102667
-122.643676383	45.61931055
4.9550706333	52.3300457167
-3.7358680167	50.4731536667
100.71066294	13.79480898
-78.6760568619	35.8377158494
-97.74402035	30.2820555
4.6997022333	50.8795352
-6.2767507345	53.3429846885
12.2523897886	45.6346302646
-0.08534585	51.5138722833
46.7222678661	24.7925786668
12.0092413667	57.7565480167
-79.4129981167	35.1571813667
-79.4148471167	43.6732901
-122.3510885167	47.66987085
18.1059629333	59.2619818833
-83.0040829242	39.9718848595
-117.8288465738	33.6971068382
-1.163192983	52.256696283
-97.47832155	32.7664576333
-118.9249214	34.1933741833
6.7138159275	50.9161231551
-97.7081966333	30.3160107
-1.9130802155	52.4893919909
-118.280608356	34.0216463819
14.3040470881	48.3106567825
-0.137758255	50.8279647826
46.6907519102	24.7207401591
18.1385457516	59.3700635433
121.5335190296	25.0627038749
-94.5780801667	39.09154415
-76.6116678715	39.2861920396
-122.2593969709	47.4567731551
-97.5145443833	35.4743279833
-97.5967884064	35.3954871782
-96.7217941348	32.9691366911
-111.8924292667	33.3195565667
-122.1629469167	37.7577079667
139.7129564619	35.6423841562
-94.3457971333	35.35086855
-90.0619912	29.9575495667
-122.6816493273	45.5251706214
-97.689871788	30.5572166774
-97.7401685715	30.2635153076
-122.4361213667	37.7140930833
12.3804002167	51.3389784333
2.1228142083	41.3808891311
-79.69973558	43.44384634
-0.0928871167	51.52843805
-97.5524783134	35.5079852935
-122.4032306671	37.7876574423
-104.7672557831	39.9852671376
13.1554198265	55.3746848516
-123.132609129	49.2815242622
-102.1484069824	32.0254211426
-0.1376822333	51.509208
12.639696483	56.129538283
14.8102891445	56.8780025644
17.9302024841	59.6513302304
-73.0556332333	41.2226325167
-118.0434412	33.9683147333
17.768360833	69.191348817
-117.9374107	33.8030681
11.9889714	57.6972883333
11.9324957956	57.6690799643
-122.6509809494	45.5308538069
18.0580794811	59.3301577
-97.7904618	30.16352495
-122.418422481	37.755686015
11.9779086113	57.6991081725
-122.3479449749	37.5915958817
17.6417148113	59.8527311879
-122.34777998	47.61829888
-89.9837892167	38.58574935
-86.8330400167	35.9154989167
-97.7633857727	30.2557309927
16.6402959824	57.7578478945
145.011215813	-37.8130509664
-83.8303023577	34.3175822496
-84.5276689361	39.3997643223
8.5423287749	50.1075267589
6.7756891251	51.4295979641
-1.1130416393	50.793640829
-1.20008025	52.4544017333
8.6501024833	50.1219598613
11.9942808151	57.7122289069
-75.6992145314	45.3832869828
13.45768285	52.5513017
-122.2538171667	47.4585297
-98.1219005585	29.7062447449
17.9990675	59.3611918333
-75.1602816582	39.9537176512
-104.673871994	39.8495018818
-73.4779435833	40.6927945667
-121.9747092	37.2366126
127.00689163	37.510377468
-157.832745489	21.2940825937
11.94982463	57.64581
-97.750218783	30.247462
8.5333398167	47.3744296667
-74.9770493782	39.8203988696
4.6890073528	50.8803878284
7.2365589667	50.57167935
-122.1979397	47.4159853333
-122.2850053333	47.5580563
-0.277687644	51.9491633916
-80.2830440712	39.2788889073
18.01781255	59.2971053833
6.00679194	49.50449019
-122.0304382333	37.3762435833
7.3125708103	49.7272187544
-122.3925822973	37.7824215609
15.5903320333	58.4326047333
-82.9953342667	39.9575398
-84.8721678	35.18331805
151.2065720558	-33.8825297811
-90.0580557167	35.1323714
-97.49868025	35.34779395
-73.9739942551	40.7678179414
46.7049300671	24.7822246375
1.0922652483	51.127404461
-94.5284056664	39.0068125623
-83.7594759464	33.6072796583
-90.19303566	38.62285351
24.044895767	61.261453967
-77.5201047833	38.9249447833
-118.4889575934	34.1570988337
-122.4077377319	37.7669372559
-97.813224206	30.275791646
-78.9130850333	36.0207413667
0.8978238702	51.8889017721
-97.7358858667	30.3594823167
14.23891633	55.53998374
-96.7622739333	32.81408045
-158.0098557472	21.4589399977
-97.51678895	35.50760545
17.9429376125	59.4064157907
-105.2736380696	40.0006008305
16.31552705	56.6868490333
17.8501394	59.3679413
-86.8089459617	35.9705049175
18.017052412	59.3369540823
-117.72612305	33.5773076167
-96.6082585667	33.0131375667
-73.7962969667	42.6777972167
-91.0845038833	30.3983495667
-82.3307079833	27.9215876833
5.9121572971	51.9828119253
-86.76530035	33.1044692167
-94.5817302971	39.1021134685
18.41696095	59.3179376667
18.0564501909	59.3404890899
-77.04548299	38.91271591
11.975042617	57.697837747
-157.8338156641	21.2957920876
39.152822515	21.558661948
17.9627886	59.3526545
-72.68430233	41.9314646666
12.987766	55.583615
139.7037470341	35.7124320287
9.6965289116	47.5527516295
-117.9198839667	33.8142792167
-3.662335405	40.5121470457
100.5354595184	13.745617265
-99.1609896	19.419758
5.0880861282	51.0674053349
-122.3861503601	37.6163560649
-70.2118206024	43.6228423759
-84.2359164667	40.0525863833
17.6736974716	59.8772226895
-80.9489720833	41.8607874667
-117.568539327	34.145842527
10.7061445713	59.9206080904
14.9117908167	58.8827394333
-95.3806775808	29.768021187
5.3236279881	60.4022983228
-80.24376994	26.07833206
9.1314877667	45.4932013333
139.78009475	35.6747357
101.6511041333	2.92015265
-74.00123864	40.73026561
17.6414668775	59.8584285581
-118.32947045	34.0995652333
-122.0388257504	47.5487834054
11.98904788	57.79040489
-74.0068030333	40.7357275333
7.1107506752	50.5466332944
14.4269371033	50.0815992937
-1.1003	51.263446
-118.0869221333	33.8297374167
-83.1023203167	42.2299445167
12.1268999577	50.4952412256
-105.2785813808	40.015647599
-97.3299761333	32.7512298333
-66.062790783	18.419938317
101.70130485	3.156488
-122.0295950833	37.96392895
-89.0901839733	42.268885739
-85.3110507131	35.0542578346
-97.7588578333	30.2618294333
18.0728316307	59.336532768
139.7704517	35.6771332658
16.8367722667	59.9420297167
0.001115799	51.4762511498
-0.141784668	50.8228149414
18.0796092	59.2944289667
24.2025160789	56.9830043556
-75.66770505	45.39706939
-97.2001415	32.8288
-73.9512555258	40.7237841531
-122.0157004333	37.33613075
5.3238844872	60.393891806
14.6406769753	63.1752442349
-96.77021895	32.9250830167
-80.019929409	32.8709910069
-97.7366893312	30.2678464885
-122.6809499167	45.5253999
100.27922499	5.3275128
-121.8993559667	37.3048872333
-99.1358184814	19.4507303014
-81.3415537667	28.5583412833
11.24407151	59.974091045
-97.7924570667	30.2364875833
-157.8622698784	21.2974414593
-77.0229578018	38.8982057134
8.6884569333	50.13037205
46.71116435	24.6635335
9.1908112833	48.8938467667
11.9500672817	57.6404797672
-76.8331325054	41.238309145
-118.3144082	34.12142775
13.0052119102	55.6012776167
17.8827705167	59.3883956
-84.3360569667	33.8071157167
2.17729526	41.39032542
-96.7033632	33.0629737167
-122.5773421	45.50167355
-88.1611955166	44.023810029
-80.2793312073	25.794790919
25.288102	54.680792
-75.0064547167	40.75515405
-80.3281797591	25.8097232363
-122.2576924	38.1228232833
19.0599703789	47.4943058387
26.119	44.446983
-119.3354408333	36.2981142667
-97.7383339405	30.2655724878
10.0227555167	53.5521421
-97.719030867	30.320316817
8.6353801667	48.9616760667
127.0325411167	37.4923445667
12.29644972	57.66837054
19.8466622829	45.2555401729
-93.2700848579	44.9805548734
-87.81833856	41.73873024
-1.25527244	51.75154483
-75.518040251	40.564346677
-0.1871538162	51.1319559599
-97.7020812035	30.4237116468
-96.0008825066	36.0611051091
-96.79685413	32.77799731
-122.0347595167	37.2564625667
-73.989314	40.743338
18.1055867672	59.336549183
-80.20532165	26.046315
-122.4488925833	37.4792146667
-0.05456065	51.538065
-96.7877675333	32.8225850833
11.5861610833	48.1289752833
13.0002379417	55.6026751072
6.7939281464	51.2205399148
8.4682519	47.3163206667
55.1666569833	25.0790736
18.0646133423	59.3540429986
-88.0816707167	37.3316450167
-122.3467218876	47.6106838657
-4.480394125	54.1476792097
-97.6915669441	30.4114109755
-122.4637403	37.7830900167
16.4309978333	46.3845884667
-93.0616531385	45.0509033159
-75.2900844812	40.0090903044
13.0761204	55.5936214
15.186753273	60.1475293435
9.49868762	51.31612902
-117.668603945	33.517113758
-118.3258533333	34.0978761667
14.2778370833	48.3072848667
-82.4589398503	27.94752823
-118.1074626333	33.7892495667
-1.0925602913	53.9579730461
17.4438427333	59.85420515
7.2022820329	51.2728517354
-122.9121851833	49.2016375
-118.896915483	34.264603383
10.1426070929	59.7264164686
12.987766	55.583615
121.4797994187	31.2384664014
-96.8000006676	32.7944177569
-74.2851251364	40.9654587507
-118.4893667333	34.0182288
-94.7645258904	38.910662603
-94.2748304667	37.4997544167
-97.74510729	30.40034431
11.9690895081	57.7082971979
-122.1277302504	48.0690211058
-84.10295057	35.91442495
10.7758761333	59.9348514167
10.668702517	59.436122917
-0.0988811455	51.5684454842
-73.9906990528	40.734039317
10.534155242	52.274372961
-73.97795075	40.75216138
145.0573328758	-37.8315912907
18.0580794811	59.3301577
-121.96593875	37.7725201833
-97.7529573333	30.2721083
9.299845	45.4948667
-89.00078095	42.6791372667
-95.33941298	29.98184734
-120.853657717	35.3669494
-97.360625267	32.7518430271
-105.2625203133	39.9952379228
-8.649930954	41.1545613154
6.795994119	58.087639933
-93.266177629	44.975236415
18.4210548833	59.3105521667
-122.3957473039	37.7948556438
-97.4800516167	35.2295320833
-118.5634100167	34.2750897
-83.3612751961	42.2098611887
13.53895435	55.9347902
-157.9294882167	21.355364
4.8594868183	52.3031452524
-92.4982436571	34.6309408714
114.1820776463	22.2781562185
-85.6677911579	42.9637080542
8.5367953777	47.3802556584
-82.7388431	28.0961094833
-98.0130377412	30.131826522
-106.5883577833	35.1054412167
34.78170305	32.0803453333
-81.680711622	30.3115142804
-71.118439436	42.3883698945
-97.7457100153	30.2724572411
-90.365896225	38.7423688309
-77.053544311	38.799262115
3.8379508667	50.88214995
-115.246083616	36.209593981
15.187560533	59.2600675
18.0737113953	59.3157724666
-73.9827115485	40.7602876745
12.08304545	57.7401982667
-118.3269662	34.0918639667
-77.2575218205	39.384827105
12.709310883	56.055821833
-117.1194599985	33.1171985839
-95.2360367667	38.97162795
-105.0001466274	39.7531950628
101.602039	6.698482
-82.3862459333	29.65905355
139.70819872	35.70005595
-82.8840136528	39.9979913457
-97.6051192833	35.5107143
8.399477005	48.9804986464
15.409757717	47.0118497405
-157.8587079048	21.3051282872
-79.3911106634	43.6704776101
-118.4397589514	33.9849498489
100.5817225667	13.7353059
50.5365300179	26.2324927627
-81.5802168333	30.4373146167
-97.634768486	32.7297831255
-122.7521170667	45.3967007667
9.5295453072	46.8478208026
8.469427	49.4791580667
138.5942137241	-34.9233785314
121.415798417	31.177547067
-0.3766036034	51.8783322771
12.491146	56.939255
8.6944565942	48.8922934937
-81.57971	28.40459579
-71.058422327	42.3575449817
-97.52193135	35.4988288
10.8745980263	48.3603268144
14.2707404167	46.6176293
-122.4291693	37.7692396333
100.51258283	13.71800529
-84.5495008	34.0159952167
-122.2959893667	47.6125802167
-84.3950521946	33.7629423965
-97.6907690333	30.4119674833
-66.004679203	18.4374157482
-122.4452126026	37.7703246205
-105.2801129222	40.0177058967
-97.80936955	30.4575455167
18.6026537418	53.0121367936
-97.87407125	30.2324747
-118.3405344667	33.8384261
-66.105530262	18.4091691412
13.0001950264	55.6076266521
6.81466937	51.22873896
13.199901717	55.706726367
-79.417591095	43.6821419349
-122.3196101189	47.6149222333
-122.4051229543	37.8062726599
17.3758354667	62.1899998833
12.9359936714	57.7356670133
-149.90386533	61.19938433
-96.769605875	32.8581492692
-86.7784977333	36.16057095
-118.43235345	34.0046037833
6.6390788555	49.7555277891
100.57023847	13.75964874
-117.7898311615	33.7292919891
-84.3556988239	33.7754910095
-97.6609575748	30.496868336
-93.21559023	36.64289486
-122.4759224667	37.7502398167
-117.6883100457	33.6464417929
-97.0418338	32.9618106
8.207868532	47.48244609
-3.1003153024	53.3800237401
103.84896212	1.35037738
18.07494896	59.32258057
119.87086	-0.89786
-118.6042058	34.1686216167
-77.3951196671	39.3822205067
-85.1975953833	41.0713046667
6.9991654158	50.9152150154
18.0730032921	59.3213838698
-80.3555197	27.6494405833
-81.73391525	41.37654465
-117.72003555	34.0951851833
14.4160366058	50.0960273503
-97.74769485	30.41858617
-77.0707440376	38.9305206422
-122.3861503601	37.6163560649
18.0589113692	59.3404147249
130.4459953308	33.5954252908
-96.658354307	33.127910422
-0.1050567627	51.5204467462
-82.325438261	29.6517940764
-97.496014276	35.4824008374
-122.3861503601	37.6163560649
-97.6640927	32.6727863833
-80.14058105	26.1072759333
17.9995742829	59.3639199849
100.0638398	9.54879525
-122.0296311378	37.3318803266
18.1052649021	59.3040539657
-97.7396321167	30.2672588667
-80.9411954667	35.2205082333
-118.2137068667	34.13910945
116.32293188	40.07104462
-97.5266808073	35.5372466656
-97.74082165	30.28121075
18.0643948624	59.3210500213
-79.047419322	33.834298326
-97.6985184	30.2619361667
-97.7431253099	30.2660878866
10.766702097	59.914660277
-85.87642776	30.21607893
-117.9191994667	33.8065023658
138.5994555167	-34.9220699167
-87.5721395016	37.978210772
-97.7459084988	30.2662396721
16.34332287	48.20285576
8.655160906	49.593548136
-94.6784001589	32.5061523914
18.0803418159	59.339853896
-96.7890462167	32.8051682833
11.9735647333	57.8743369167
4.4714957965	51.9157387114
6.0842639167	62.14791705
-122.3987541075	37.7969665423
4.8916652667	59.2972280667
-84.1932788333	39.4325521
-117.8316666667	33.6838194444
8.0160049167	50.8744744833
-93.292529583	37.2085677454
-121.935732444	37.357492136
10.167227033	48.691489817
16.18580412	58.58608448
-87.6262891667	41.91037355
139.7690266371	35.6818928906
-96.7700779438	32.8235890062
-111.88815522	40.76103544
-96.7218368	43.5483944
-77.2713625431	38.8778959648
12.730116483	56.743202033
-97.8792547167	30.2012298833
17.9330563545	59.6492539765
11.9910514355	57.696791918
101.270261017	12.6797841
18.0154264	59.2614002
19.1796798716	47.4455795289
18.3323004842	59.4376211749
-117.7590220167	33.5184622
-0.1418566704	51.5153394265
13.687312603	49.7166896549
-95.4150866591	29.7154209064
100.5349123478	13.7466594192
18.06026935	59.33162105
1.52975555	47.6646932
-2.4715652466	50.647567749
-79.07343906	38.1470893
174.77936275	-41.2835585667
14.4180083	50.0824709667
3.2637996167	50.8277569333
-96.820724	33.0782177333
10.760716702	59.9180262795
-0.1203560829	51.518884568
-90.1581357582	35.1577543682
20.2682197094	63.8289403055
-87.6327205529	41.8791575615
18.0642592907	59.3286088977
8.2065618038	50.7426201925
-122.3025512695	47.443414388
10.758587122	59.9222750077
-2.5924032927	51.4518841842
-3.5306574404	50.7238678924
17.8745654333	59.35167985
-118.0113372803	33.7884750366
18.0909894387	59.3322094277
-97.79203175	30.2332913833
-82.9156163	40.057315
-122.0197284222	37.3579504532
-82.996357857	39.9565489316
-117.88616955	33.9118980667
-97.7402715667	30.26747125
5.0410670042	52.6462402149
-118.29494165	34.0953995167
18.0738758322	59.3262393248
-118.3603844833	34.0719924833
-111.8910956383	33.3062590504
-111.1300563812	41.1854367626
8.5627269745	47.4509311758
-83.36805711	33.95887658
6.9494318962	50.9038312095
-73.9928921514	40.762811561
-115.1735730754	36.1276420872
15.2533578873	44.11535193
-112.0011520386	33.4357390069
18.0501186848	59.3157341416
27.90494365	-26.1299803
-93.2890319824	44.8643863293
-84.4118217667	33.9672305
-84.4190311432	39.1182246194
-121.9566349833	37.9516254333
10.8070528357	59.8349249939
-90.3436470667	38.5878395833
-122.47657561	37.72792345
-84.1688306	39.9614336
112.6022132833	-7.9783971333
-73.5457529466	41.0667382839
-98.62487965	29.4968217833
-90.6960762	35.8099655
14.2841899395	59.625685183
-121.9304166667	37.6986111111
16.379199028	48.2074367093
18.092380794	59.303585954
-117.5355353	34.1106041167
-87.6295495033	41.8776216253
-122.2760162184	37.779693434
-112.0282235241	33.67237908
-97.75075845	30.2462297167
121.5306038167	25.04399695
-96.8740940094	32.9283820902
-87.9159665108	43.0339684018
-111.8980371952	40.7243560908
-79.8321908712	36.0855295244
-1.583452445	54.780699764
-80.6845492667	35.3620273167
121.43939	31.21327
6.9067767	51.1360989
121.523304	25.025647
6.149679094	51.761680045
-88.7490535667	32.3863444167
151.1837217588	-33.7969267977
-8.4008985758	40.1900369758
-83.0509784818	42.3319795095
11.982772962	57.690323372
13.03747832	55.72767969
-73.0995375833	41.33591665
100.7483196259	13.6898969614
-157.8514820337	21.2923933237
-122.1617567539	37.4301599865
-122.3096349835	47.6609796559
11.9228588167	57.5455609667
11.790992699	49.610881282
