-7.22795	7.73141
2.54375	4.72459
-6.9998	8.44078
-7.04441	8.28541
1.91565	3.97837
2.26915	3.54055
4.56164	0.23927
-11.1617	6.68835
-11.4348	5.11539
-4.84782	8.84512
4.36267	3.07777
-13.7989	2.8911
-13.3655	4.81719
-7.97953	7.36209
2.66123	5.51815
-12.6541	4.76821
-14.2747	3.4293
-14.0244	-1.46183
-11.4415	6.30083
-11.6574	4.865
-14.5678	0.705672
-7.80734	6.99655
-0.211096	6.49962
-8.07539	7.21559
2.2732	6.10109
1.67984	4.96377
3.48964	4.58469
-0.732314	6.53819
-14.0711	3.84624
3.30377	1.79791
-0.269663	6.02664
-14.3178	-1.49922
2.02965	5.52212
4.55356	-0.26925
3.82018	0.13404
-0.0523911	7.2407
-10.3967	5.63603
-14.5392	1.12329
2.28379	3.79454
5.19425	-1.154
-10.4295	6.17883
-6.63412	7.32661
3.96727	2.78548
2.5394	4.42479
-12.5747	5.59158
5.33168	-0.333579
-8.4921	8.11942
3.33398	1.50367
-11.4226	5.06424
3.18924	3.42125
3.65269	2.15236
-4.36714	6.99207
4.29974	3.75087
-12.6867	3.20754
-6.62612	7.4028
-2.19546	7.50083
-14.3399	-0.919776
-5.75335	7.94308
3.12045	4.29574
4.76703	-1.26575
-7.32633	7.92505
-13.0373	4.98111
-13.7001	2.18288
4.19642	1.94882
-14.6738	2.15091
-5.66735	7.66335
3.29522	2.76071
-1.99114	7.22297
-4.80734	8.18634
-10.5437	6.33068
3.88336	3.47769
-14.2461	-0.229111
3.96351	0.287425
3.99676	-1.17896
-13.1601	2.7568
-2.22832	7.7825
-10.7802	6.69027
3.78385	0.669913
-14.1449	2.39118
2.66279	4.44632
-11.1101	6.26965
-10.6811	7.29831
2.52026	4.66141
-3.6723	7.04953
4.4077	0.945897
-3.0797	7.2364
3.8282	3.24267
-6.92152	7.47854
4.38086	-1.06919
-6.75544	8.50469
-13.5882	4.14791
-13.9673	-0.297385
-0.119309	5.82344
3.03602	2.49045
4.20055	0.859389
4.40132	0.202402
-2.86819	6.83346
-0.845225	8.0304
0.926683	5.5713
-12.6721	5.15835
-15.7894	-1.33754
-1.98094	8.41902
-15.4596	0.502768
3.91511	-0.468665
5.59349	-0.913375
-13.3765	1.45015
-1.40291	7.06433
0.959182	6.6022
-8.40589	6.92387
-12.8899	4.12303
2.95812	4.61939
-1.83522	8.04079
-11.4701	5.41869
-3.38769	7.99923
-15.8021	-0.522247
-0.817081	6.42861
-1.3626	8.26592
-11.2256	5.0461
-14.8948	0.961356
-0.841994	6.31165
-0.567667	6.23097
-13.4563	4.38087
-3.56795	7.48049
-12.1844	5.17703
5.24279	0.0732284
-10.4121	5.85512
-12.3153	4.59311
4.79387	-1.88691
-1.43273	6.85986
-2.03124	6.8483
-8.02792	7.35964
-12.9104	2.5392
-4.92404	7.92376
-12.6358	3.85196
-14.4255	1.02844
-4.33744	8.86989
-15.1238	1.54354
-12.1224	3.66205
-13.4431	4.54575
2.54916	3.60806
-15.314	0.842632
-10.595	6.74317
-6.46532	8.46403
5.06958	-1.5094
2.9227	4.1613
-13.5135	1.84486
1.84811	4.36761
3.89684	0.533464
-14.0181	-1.36174
-11.8235	6.51686
-2.68085	6.86997
-14.5267	0.0766583
-9.92502	7.39843
-13.4738	3.98231
3.88416	3.49261
-6.59443	7.28629
-5.32225	8.41104
4.20918	1.57336
-12.5033	4.0632
-2.74152	8.17887
-14.8731	0.706738
-8.93316	6.37661
2.44234	3.26686
-0.932033	6.22661
3.19912	3.43142
-8.37195	8.04386
0.942397	6.20174
-9.96264	6.53635
-12.3114	3.81249
-9.45716	6.32193
0.154402	7.54595
-8.49448	7.46296
-8.0585	7.98126
-3.93315	7.46552
5.52805	-1.94332
4.47803	3.31774
2.87572	2.6829
-14.0424	-0.652483
4.5665	1.51239
-3.74894	8.72525
-14.0723	3.65326
-9.86101	5.77322
-6.44594	7.37331
4.20474	1.34026
-7.58409	6.98388
-11.935	3.86853
3.66468	4.71377
-11.4383	5.73501
-14.4568	-1.14254
-11.3362	5.73365
-14.4764	2.31784
5.50062	-1.2039
-4.59392	8.9252
1.39429	5.22454
-12.9826	3.21472
4.76493	1.29232
-13.6235	2.48777
-15.0875	1.93762
-10.9159	4.78892
-11.0135	5.02177
-1.52314	6.35964
1.06764	4.88164
-2.43237	8.49674
-11.3631	6.1721
-14.1627	2.88098
-6.98288	7.23345
-0.0130696	7.55375
-6.68591	7.83407
3.25882	4.62912
-14.1188	-0.461928
3.82636	4.15077
-0.865436	6.3224
-10.7907	6.03867
-0.0637039	6.05996
4.42217	2.1437
-12.0895	4.33086
-13.9317	3.21955
3.95857	2.1385
-15.0903	1.0351
-14.2839	0.0369429
-5.61842	8.12042
-5.29391	7.47157
3.82376	0.968235
-13.4915	4.40384
-3.74989	7.58177
0.203066	6.22112
-3.64089	7.16531
-4.29633	8.72108
-13.5199	1.59491
2.79006	3.52369
2.91686	4.11583
1.48165	6.8386
-7.94933	7.68766
2.65031	5.3489
-11.604	5.83988
-13.2091	4.26652
-12.8152	2.63561
-14.6103	2.34579
2.93232	3.73148
2.78791	2.51122
-13.9146	1.20627
-3.63065	8.25169
3.86291	3.32984
-12.7697	3.58131
2.94527	4.3381
-14.5158	-1.09889
-4.16647	8.8513
-11.8211	4.13299
0.767605	7.14539
5.78633	-0.363716
-7.44509	8.57633
2.80157	3.59015
-4.06937	7.39248
4.85436	-1.10202
-4.90454	8.11462
4.57578	2.71305
-1.90594	8.48296
-12.5988	4.19309
-14.3002	1.78246
-14.3437	1.26895
-14.5461	-1.95808
-2.05145	8.0321
-0.914873	6.11078
-0.00920943	6.3086
-9.55173	7.03861
-1.96833	6.58187
5.19399	-1.18715
5.01038	0.512791
-3.93766	8.02303
2.79751	2.75817
0.591945	5.40627
0.200224	6.3069
-3.86253	7.86729
3.71281	2.24648
-14.0301	1.11074
4.70796	0.271068
5.73522	-1.6101
4.37217	2.17503
4.69334	0.188586
-0.952306	7.63555
-2.86487	7.24552
-14.1555	4.09099
-4.39681	7.44989
-6.82264	6.83317
3.93091	-0.304734
3.32898	3.82178
-14.4871	-1.94493
-6.40506	7.45292
0.869637	7.21898
5.03812	-0.900162
3.25433	1.9775
-5.77768	8.69894
-9.35529	6.56936
-12.2959	5.52745
4.63864	1.51327
-8.06845	7.54332
-10.4158	6.72228
-7.2618	7.83632
-13.3946	2.66887
-0.655637	6.42353
1.82522	5.8788
-10.465	6.01546
-14.4805	0.617218
-13.3426	4.30437
2.20433	3.9267
-13.7086	2.48134
-12.5928	5.36834
2.38099	4.86023
-7.9455	8.43606
-3.43707	7.99892
-4.65264	7.79673
0.0142294	6.72437
-11.3265	5.50981
-4.62465	7.97188
-9.22385	8.14489
-1.79261	7.9661
-14.9908	1.73034
-7.19817	7.34001
-14.5624	2.7737
-3.29147	8.00232
-13.7117	1.30138
4.66682	2.1716
-10.0974	6.30509
3.38986	3.57923
3.75231	0.485555
-13.5802	3.21198
-6.50797	8.25875
4.15367	-0.427112
4.72697	-1.10664
-14.2919	0.233765
2.59614	5.88461
3.45759	3.78818
-6.96844	8.80224
4.801	-0.081967
2.90017	3.30891
-14.7762	-0.503201
-5.48872	8.92893
-11.9197	6.34892
-12.2571	4.09607
-4.91657	7.62215
2.20258	6.04823
5.39912	0.065938
-0.0317614	7.32856
-1.91959	7.06691
2.70955	5.6148
0.140213	5.77272
-12.9107	4.13598
4.86487	0.634922
4.04837	2.03543
3.84214	-0.042809
0.627903	6.14617
-13.9308	1.64579
-10.889	6.74706
-14.6782	-1.74364
-11.5589	6.49532
-14.5595	-0.272169
-6.30108	7.82194
-4.22777	8.85054
4.37754	3.13825
4.4792	1.44683
5.06343	0.406734
5.03708	2.47316
-10.4207	5.93843
4.73745	-1.60836
-7.77705	7.80769
-14.3195	0.599366
-12.8621	3.53322
-10.5842	5.21095
-13.8984	0.287961
0.527602	7.51028
-11.6215	5.07691
-1.08944	7.39544
3.15756	3.78265
-11.8275	4.89734
3.87887	0.229443
-15.7363	-1.00711
-14.2273	-0.987403
-11.2008	6.48633
4.07832	0.361307
4.04746	1.75609
2.34119	4.424
-15.0177	-1.57186
3.7097	1.24235
-3.38468	7.63042
4.79899	1.76328
-14.1706	1.60417
-2.15698	6.71247
0.528092	6.98193
-3.18203	8.58735
-2.35475	8.41239
4.55474	-0.334796
-0.980336	7.05996
-14.3367	2.86664
-3.06025	7.06877
-7.56239	7.00075
1.78884	5.31248
2.02647	4.42112
-5.94421	7.83364
5.55346	-1.22396
3.12399	1.91788
-6.28039	7.57793
-12.818	3.02258
-8.2659	6.48494
-11.1782	6.43905
2.83566	3.72714
-14.5043	-1.89788
-0.815695	6.08534
-7.96421	8.44231
5.02563	1.969
-1.58735	7.4252
-13.4525	2.26236
-4.87301	7.05858
-4.30504	7.81228
-11.8901	4.95065
-13.4812	2.50364
-15.7915	-0.0405186
4.54538	-0.233028
-14.8171	-0.480154
-0.388826	6.08097
0.837742	6.45818
-9.62266	7.46886
1.2265	5.86214
-11.211	4.86946
-12.5824	5.95807
5.30653	-1.37901
-14.1548	0.602399
5.00959	0.58352
1.63702	4.82489
-0.119908	7.16554
-8.13637	7.7604
-5.84026	8.06211
-14.3489	-1.45302
-14.8778	1.28507
-11.6196	4.8147
-11.9146	3.77508
4.80852	1.28323
5.84706	-1.93512
-8.38391	6.43872
-7.61034	6.92568
-0.172192	6.29049
-7.64078	7.47902
-5.66215	8.68665
3.96106	0.520103
-1.06887	8.18721
-13.7644	1.44139
-11.1762	5.67489
-15.05	0.70794
-14.434	-0.0581175
-0.168684	6.95155
0.100474	5.65625
-9.63548	6.41971
4.14055	2.83075
-8.32535	7.62655
-12.3575	4.37888
-0.0176011	5.73093
-0.719438	6.77685
-15.5188	0.482619
-2.49952	7.85135
-5.9235	7.83378
-15.6766	-0.114846
-14.7707	1.68535
-9.62189	6.61042
-14.8356	0.640616
2.90936	4.73175
3.2061	3.80299
-5.77088	8.69968
-0.52551	5.96534
-7.3183	7.05382
-5.29458	8.10024
0.824656	6.46405
-13.1808	2.79002
1.76555	6.57303
-0.188205	6.08646
-15.1382	0.0074943
-4.40554	7.51322
2.26353	3.80129
-4.90568	7.36866
-7.39185	7.50739
-6.74352	8.25728
-13.4836	4.9252
-0.982497	8.17996
-13.0765	4.41152
-4.57253	8.51791
-11.5607	5.26354
-9.80908	6.27162
-12.4253	3.32201
-10.9003	5.5235
4.01215	1.71204
-12.2662	6.20127
-11.7841	6.00292
-5.04024	7.92572
-11.6118	5.51492
-13.6309	1.28094
-8.03534	7.8972
-7.47752	8.32353
-9.52672	5.92706
-12.9592	2.66809
-1.539	7.02011
-6.94905	7.63059
-13.9404	-0.569031
-0.440399	-6.19199
12.0328	-4.33712
-3.96551	1.14134
-4.48647	-1.23348
-0.250294	-5.87902
6.14584	-8.6967
12.1537	-4.41341
-1.55898	-5.56373
-0.916124	-5.44116
-5.38462	0.576583
-3.28927	-4.42398
2.54958	-7.86897
1.08203	-6.87736
13.6903	-4.43307
9.07923	-7.98169
-0.383252	-5.59014
-5.21835	-0.629411
13.8967	0.398519
3.88526	-7.21914
-3.79882	-3.26533
13.3485	-3.31282
13.997	1.08474
-4.29224	-0.479254
-3.45094	-2.98275
13.6535	-0.775261
-0.740298	-5.17698
11.4793	-5.52528
0.110817	-6.9811
13.8334	-0.656565
1.86194	-7.49029
5.81482	-7.61262
8.76809	-7.31997
14.4873	-1.96967
15.0814	1.44737
2.56524	-7.74905
-4.62272	1.28387
1.57519	-6.41247
-0.694159	-5.48034
-0.494825	-5.95798
-4.29384	-3.8576
-3.56482	-0.905711
14.0039	-3.17447
13.8396	-0.0374992
14.3099	-0.217527
-2.70692	-4.05103
13.6315	-0.870411
12.342	-5.82602
-2.17788	-3.4953
-2.74919	-5.43293
13.8763	-0.128226
-3.4226	-3.11385
7.66415	-8.55195
6.28744	-8.61915
5.48189	-7.68713
-2.63884	-3.6184
14.1995	-1.157
14.3653	-2.98698
-2.90362	-3.26344
0.805766	-7.35817
12.7039	-4.38569
0.89566	-8.0192
12.5156	-5.71612
14.2746	0.598627
1.72717	-7.72778
13.4033	-4.10861
12.7759	-3.4145
11.365	-6.95069
1.76029	-6.80106
3.68223	-7.35482
1.55435	-7.30973
14.7166	-1.92011
12.3385	-4.70355
13.1565	-3.98215
5.33862	-8.63879
-1.17071	-6.69494
1.32945	-7.35352
15.4207	-0.481228
5.71076	-8.8167
13.2505	-3.79201
-5.09329	-0.630445
8.31622	-7.94236
3.34923	-7.27104
13.886	-3.61318
7.6564	-7.82094
-2.32403	-4.6852
14.4039	-1.0183
-4.23262	-0.549466
-1.60416	-5.87787
-3.76457	-1.83857
-0.508518	-6.05664
12.531	-4.0162
-4.39635	-1.96872
5.57987	-8.53545
-3.76362	-3.45279
14.0398	0.412171
13.4222	-4.84972
15.2929	1.50482
-4.6807	0.0494685
-4.41367	1.12347
14.2769	-1.41588
14.0479	-0.190384
-3.6723	-4.2299
13.9239	-3.74513
14.7559	1.12601
-2.6563	-3.87931
-1.15757	-6.03068
-4.8058	-0.859308
7.18571	-8.10742
3.0435	-8.61814
4.80479	-7.56407
11.5849	-5.14912
10.374	-6.23428
-4.84141	0.457064
12.6555	-3.14204
12.227	-5.90423
-1.82306	-5.00763
14.6737	-0.425921
14.7131	-2.11559
9.76055	-6.8445
13.866	-2.05406
14.2969	-2.09786
13.1082	-2.48058
-1.02724	-6.62207
11.0739	-5.63046
-4.98521	-0.904921
4.81376	-8.76373
8.41318	-7.48052
0.629306	-5.88779
-4.74579	0.763889
12.8624	-5.39744
15.6754	-0.243793
12.9132	-4.27352
-5.18939	-0.442134
7.78001	-7.76247
15.4361	-0.298159
-4.53783	1.3391
12.3694	-4.20877
-2.87542	-4.24774
9.78394	-7.57901
-3.23346	-2.42481
-0.0807911	-6.19479
-1.93781	-4.35736
-3.82374	-3.16648
-4.8033	-2.34614
7.85044	-7.06752
-3.82596	-3.19344
-5.52287	0.824347
15.391	0.0595338
-4.0095	1.05665
9.41096	-7.8541
1.22805	-6.90778
5.08918	-7.81748
6.67235	-7.70763
1.34958	-6.28581
6.98169	-7.31357
13.9556	-1.61877
1.09716	-7.22129
15.3699	-0.122426
13.9344	-1.15324
-4.0784	1.68782
3.86313	-8.41702
-2.57517	-4.9291
1.86872	-8.43016
13.2361	-4.83156
-1.08996	-7.07153
-3.6123	-4.77518
-1.79784	-4.29076
9.24064	-5.98495
-2.98951	-5.05537
-0.646227	-5.14254
13.4437	-1.75862
13.7486	-2.23361
5.94458	-8.22009
0.852361	-7.09136
8.26449	-6.82458
-3.87979	-2.61771
12.622	-5.62412
6.19641	-7.44549
6.26571	-8.04174
-3.92516	-1.01298
9.7178	-6.67122
-4.55049	-1.25009
14.4952	-0.717753
0.386167	-6.57928
-4.38981	1.40698
-3.91588	-0.0792118
-2.70207	-4.19534
5.46049	-8.42648
8.65928	-7.15623
-4.44058	-0.0590564
8.12601	-6.91518
12.2455	-5.48283
2.63884	-8.39396
6.10483	-8.37517
15.0433	-0.639747
14.1435	0.827675
9.49029	-5.81992
11.1761	-6.43456
-4.53986	-2.11471
-2.69808	-4.05336
11.9487	-5.76992
-2.20385	-4.69961
-3.09112	-3.14191
10.6254	-5.68274
12.5987	-5.24077
-2.46541	-3.80507
9.09052	-6.80964
13.8969	-2.0171
1.51598	-8.01049
-0.249247	-6.04264
5.69128	-8.22239
6.20913	-7.08681
8.33052	-7.17298
14.0502	-2.12379
-4.29846	-2.50265
12.012	-3.75057
14.5844	1.11737
-3.94451	-0.114494
-2.03156	-5.05306
3.45966	-8.73284
13.9815	0.0399056
13.1254	-1.98703
13.3632	-3.59186
12.7938	-5.24947
-4.39581	-0.327132
-4.30214	0.946605
-3.81735	-4.05193
-2.27364	-5.48083
0.423084	-7.49139
-5.40923	0.662137
4.43682	-7.21557
-4.22927	1.85362
10.7862	-6.16947
12.0892	-3.96994
13.1038	-4.57773
-5.50919	0.540831
-4.18192	1.93709
-3.73457	-3.1473
13.0079	-2.29658
14.397	1.89796
10.9782	-4.8675
-4.61527	-0.313189
-3.83576	0.0212701
2.87425	-7.20337
8.56003	-6.41956
14.0505	-0.367693
-4.16413	-4.00533
-4.18546	-0.0491974
13.6989	-4.48309
7.06679	-8.14713
14.177	-1.73509
-2.53461	-5.95498
12.3963	-4.62998
2.35757	-7.014
14.0901	0.835116
11.3512	-4.93143
6.93659	-7.45394
-4.14838	-1.16076
3.89538	-7.36252
14.5602	-1.05015
10.7452	-5.26776
-4.07506	-0.258109
15.251	1.37181
9.3364	-6.58569
13.9598	-1.37963
0.111516	-7.14229
3.00189	-7.23047
1.47859	-6.9801
-2.15331	-3.67954
9.71982	-7.57408
-2.41202	-5.04046
14.8097	-2.74253
1.00986	-6.36668
-1.81637	-6.55266
-1.24822	-5.93669
14.0066	0.781157
2.31444	-8.18553
-4.06013	-1.13016
11.9507	-5.85309
10.3041	-5.82482
13.1776	-1.79727
2.27941	-8.50546
-2.22048	-5.39402
14.6479	-0.929963
11.5176	-6.46852
-3.95715	0.628317
10.7113	-6.12088
0.276393	-6.94889
1.35711	-7.09849
-4.88673	-1.30636
6.94281	-8.02349
13.6241	-2.93776
10.2098	-5.76144
7.78681	-8.01483
-4.0623	-0.873088
15.105	1.01236
-4.24367	-0.693567
0.358257	-6.96005
10.5523	-6.34228
1.88726	-8.43312
1.78246	-6.92317
13.1068	-3.52116
14.7947	0.969188
-5.42901	0.407972
4.46289	-7.48739
6.53176	-7.29033
1.19049	-7.34635
-2.08979	-5.98836
14.0495	1.88699
-2.09266	-5.69134
11.8599	-5.50327
-4.40934	-2.06252
14.4063	1.75361
-1.36766	-6.91827
12.9088	-3.02279
-3.98013	-4.0684
13.1354	-2.96715
10.3494	-5.71593
14.3228	0.800588
-3.57452	-1.48121
-3.90659	-0.632645
12.8694	-4.87333
-2.22407	-4.21898
2.33031	-8.54172
-4.55771	-2.85585
-0.785204	-6.32557
13.621	-2.57895
2.59301	-6.88632
-3.93896	-2.92406
-3.2457	-2.71302
8.54662	-6.671
15.5733	0.822581
14.6831	0.945808
1.90168	-8.20828
12.1497	-5.00023
5.85331	-8.7996
-3.00211	-2.76163
14.5529	1.46027
8.75125	-6.46239
11.0603	-6.15605
12.0806	-3.74973
12.2144	-4.42658
-2.46099	-5.04028
12.9062	-4.12375
5.72691	-7.52404
12.4905	-4.3654
-0.305402	-6.66534
1.12898	-8.05394
4.28675	-7.83127
10.8792	-6.76813
7.68831	-7.6001
5.41179	-7.89599
14.5669	-1.02444
-1.29482	-5.59758
14.6447	-1.66125
6.30262	-8.76185
13.7464	-3.7119
-4.69238	-2.64364
9.70112	-7.36051
12.38	-4.40516
10.4697	-7.32098
-0.94033	-6.37965
13.3798	-2.58786
6.9119	-6.81337
15.4434	1.12968
-2.91585	-4.86423
13.8842	0.540825
-3.37681	-3.77218
12.6202	-2.92088
1.14987	-7.3745
10.2198	-7.65989
11.959	-5.7236
14.5254	-1.79914
13.8763	-4.16236
-0.507327	-6.74076
8.67215	-7.0987
10.5177	-5.7877
-4.44935	-3.1867
13.3264	-1.93053
7.29114	-7.32975
11.16	-5.64908
7.05124	-7.48041
-3.58106	-1.17707
8.21755	-6.88177
8.78592	-6.25635
1.18855	-8.06136
-4.5019	0.405967
14.0934	0.902852
-5.55713	0.972567
-5.19867	-2.05873
14.4769	-3.29314
10.5731	-6.90661
2.63229	-7.29734
14.841	-2.76316
-5.27338	1.9117
14.8643	1.49444
14.7872	-1.50743
10.6321	-5.48574
-4.28821	-3.31897
-2.65643	-4.02664
0.495794	-6.01108
6.77402	-7.72665
-1.55021	-4.36159
2.1922	-7.3085
-5.66186	0.109796
-1.44926	-5.99252
-1.65356	-5.31621
8.28184	-8.41872
15.114	1.01022
4.52494	-8.01102
13.919	-2.60248
14.5776	-2.95022
5.11571	-7.77024
10.467	-6.26413
4.42403	-8.39809
7.42716	-7.10124
-3.00278	-4.4645
-4.82577	-0.0031939
5.39068	-8.68945
11.9809	-3.70526
3.0605	-7.984
13.2339	-2.5257
-4.92519	-0.29693
6.98882	-7.51937
-1.20287	-6.20462
-0.235222	-7.25813
-2.11756	-3.8126
2.80435	-8.13939
11.9794	-5.27838
14.3859	-2.97234
7.46912	-8.17226
-0.47952	-6.28323
15.1033	-0.829598
14.4835	-0.330132
9.48004	-6.53451
15.0856	-0.604069
11.0149	-5.97425
-5.08927	-0.124249
-4.07334	-2.97519
12.6904	-5.71502
-4.88917	0.955014
14.7827	1.53357
-1.59313	-5.59764
11.2647	-5.78169
15.4879	1.09115
5.26776	-8.96196
-3.9043	-3.57449
4.25356	-7.67492
2.84138	-8.00542
14.4853	-1.36202
-4.86615	-0.161543
-1.22794	-4.64332
9.26007	-7.61459
9.7822	-5.8075
12.9264	-2.75031
-3.95078	-0.00333515
4.18212	-6.99166
-4.77487	-2.06815
-1.85934	-4.81728
8.62516	-6.33922
6.11893	-7.26801
10.2489	-7.4652
-3.97987	-3.92252
-4.87022	-2.12648
-5.06223	-1.60209
-1.13417	-6.19825
7.44337	-7.37128
13.0577	-2.4829
10.9058	-6.29754
3.20788	-8.20197
0.203192	-6.40096
1.22065	-6.41424
12.5677	-4.39458
4.92881	-7.90388
13.9463	-3.60703
2.69922	-7.94237
2.94276	-7.19213
12.3529	-5.79888
12.9323	-3.84661
9.82958	-6.95896
14.6254	-2.34473
-1.23047	-5.10973
-3.59355	-4.42785
-2.06531	-5.08124
13.9327	-2.95143
7.89167	-7.08491
-2.81311	-2.99164
-5.08661	-0.992916
9.88928	-6.32569
6.56943	-8.31146
1.3759	-7.97059
12.4353	-4.25024
11.6677	-5.28071
-2.7108	-5.79105
0.293647	-6.08683
13.5698	-3.90653
13.21	-4.77811
-4.27858	-2.72959
14.7546	0.470511
-3.776	-4.09447


4.32931	8.71559
1.19781	3.95199
14.3549	-2.69651
7.22184	-0.0859568
11.5856	5.00239
-0.824143	-13.5161
9.55858	7.77898
-4.77466	-11.5814
-2.16529	9.22634
6.42126	-8.08501
8.65351	14.6485
14.8325	7.17514
-8.33274	13.5584
-12.4128	-7.59381
-9.27992	-12.6989
5.49911	-5.28833
-3.69695	-4.96287
-6.431	-1.48835
-7.50788	-1.00451
11.3689	-8.38228
-4.84892	12.3575
7.07061	12.4551
9.62464	3.07109
-6.86931	14.1897
12.2317	-2.67629
10.3524	-6.02037
-6.54588	1.29263
1.57193	-4.49496
2.87932	-12.2515
4.70285	1.66109
3.6253	9.21829
-3.2656	-0.221736
-4.02743	-7.01783
9.02993	-4.78485
9.45711	7.30663
-9.5466	14.4222
-5.1494	9.64704
-8.22162	-1.48477
7.85112	-3.94763
11.5281	6.47268
-13.3401	9.54252
7.7774	-8.76981
-9.97241	-1.61098
1.12242	14.0631
-7.10818	11.94
-9.05029	1.25365
5.60545	-5.05677
6.18534	1.3054
5.04147	9.13722
-13.2672	-4.13533
11.8521	-7.92868
-3.14832	-12.5872
-7.61822	-0.952346
14.321	-0.756282
4.70179	12.086
-1.70272	-4.86566
6.74888	4.4724
2.71841	9.55228
0.971045	-3.1464
-5.82939	-7.74476
-14.5033	9.84314
-8.86882	5.9637
4.31689	10.2807
2.42153	-9.31481
9.80886	-12.8981
-10.9701	-7.21716
2.31726	-0.350739
-8.47182	2.11615
10.6001	4.2398
-13.5409	-10.2451
-13.9309	-1.3198
-14.4064	6.89226
-12.9496	9.68161
13.0195	8.85365
-0.481269	3.41066
1.53118	-14.2848
-2.06609	-13.3186
0.141402	9.5104
-9.5926	5.73714
14.6145	6.95334
-9.2861	-11.4823
-1.24267	14.5202
-2.44744	-11.5926
-13.1877	8.35882
-1.6834	-4.7346
-7.32885	8.42671
-11.4033	5.20405
-7.53634	-1.25945
13.5138	-1.03445
13.6258	14.1942
12.3379	0.81502
4.24368	8.40664
-7.1365	-11.6229
6.72345	7.18737
-5.21098	-12.3093
-14.9284	1.38679
10.9024	12.9263
-9.72315	-5.89558
10.4818	-3.7788
14.6371	-13.9126
-12.7949	3.92536
-3.01626	12.8221
-7.66641	-0.339176
-11.3398	-10.9639
8.0201	-6.94669
-9.53186	-12.0207
-8.25996	10.5132
0.179635	0.765979
-2.46447	-0.236876
10.5275	0.720077
-5.09675	1.96303
10.3082	1.82963
-3.13066	11.1425
-3.30912	3.48399
2.82292	8.58991
5.22072	-10.3283
14.3091	8.56247
-6.18756	-8.18211
3.221	-6.93922
-14.8526	-11.5851
4.77367	8.20468
-3.79826	7.24156
1.80816	-14.1764
-12.8389	6.31471
-3.67636	5.94168
-6.36681	-0.555778
-14.2172	-1.33465
-9.62802	0.121595
5.25288	-8.21539
4.1884	-13.4738
-13.2607	9.84201
-0.170983	0.586917
7.5572	-4.26759
7.90587	-3.57708
10.0754	-14.3245
5.37111	12.5302
9.36174	-13.377
13.9911	11.1203
5.77906	-7.78293
-14.4828	-10.5816
-9.34131	5.80202
8.0801	12.0625
3.07564	-11.1322
1.44355	-3.10274
10.6097	5.56442
-14.1979	7.03514
-3.60166	5.31652
-8.60089	-12.7191
5.28359	-8.41125
10.218	0.735068
7.40136	8.21706
-3.04806	-4.14458
13.0465	5.90345
-4.21475	-12.8459
0.37103	2.77395
-11.7953	-10.7749
9.33037	-10.5788
7.44584	0.505132
-7.85088	-3.41525
3.37059	-7.99746
-5.51311	-1.79563
-12.8621	-6.92093
7.20128	10.5261
-2.42779	2.58899
12.6883	4.24
3.96864	4.34498
3.03591	-0.917856
-10.2311	7.43844
-12.0443	9.82751
14.2908	-9.86332
11.3093	-4.72477
5.04617	-0.372957
10.2427	-10.4212
11.3937	-6.93577
8.14463	-0.694243
11.5942	-1.59817
9.56052	-7.91262
6.06139	-8.87628
3.59167	-14.9701
-8.81568	-2.26317
10.5794	-6.59976
-4.46289	3.7847
-5.62239	-8.4843
-12.025	8.46583
8.93316	14.9732
-14.452	-13.0572
-6.78257	10.2258
10.8745	-13.8554
14.2106	6.81022
5.01189	14.2446
14.6554	12.8269
8.36183	14.5061
-9.773	-6.66796
-14.0011	2.26987
1.13373	2.12682
-1.81969	0.895727
4.98295	5.27934
11.4267	9.06607
13.0101	-7.59187
8.41091	13.4232
-6.90934	8.96165
0.621743	-9.11543
-4.37044	8.49861
11.2715	5.08757
-13.2716	9.43303
-0.892884	2.43109
13.0298	-0.83861
-10.5747	-11.0053
0.415377	4.86469
-11.5195	-5.30565
-10.8224	-8.74398
13.3098	-3.71309
-3.50263	-2.61782
-14.1604	-12.1574
-7.59008	5.05329
-8.95782	1.98103
-3.95304	2.64518
4.7096	-0.143807
-12.8458	6.10032
6.51064	2.94655
10.2609	0.422453
7.08126	-14.7137
1.20637	-0.22502
-9.24289	-1.13217
5.1769	-7.38656
11.4021	-0.0558145
1.61253	-6.09319
-6.2006	-12.5067
-14.2698	11.4846
-0.411399	-5.0968
-5.81693	-6.05486
-11.1127	-10.7376
5.95097	-5.52996
7.55129	2.50378
-1.93605	-12.1608
-4.13109	1.09613
-4.80807	-4.16483
-0.571951	-4.38493
3.56657	9.95906
-5.23678	-13.7547
-10.0788	-6.02592
1.58556	-14.1976
0.16449	1.71633
-8.52815	12.1108
0.898768	-2.23524
-3.57022	-8.47841
10.6262	7.81539
-1.40056	-14.8198
1.52762	14.0517
9.41473	-3.51088
10.934	2.7542
-12.2262	11.7694
-8.42101	12.0446
12.9769	-12.0991
12.8035	11.3042
-2.70598	-5.08095
-7.31472	11.6694
6.40772	-5.19338
3.40205	-6.4044
7.8359	8.35976
6.72809	3.04703
0.483139	11.906
-7.71075	7.63364
11.2678	-4.1987
9.8427	3.8118
-10.6218	-0.606311
-11.3516	-13.5703
-5.22767	-13.1353
4.09665	-7.4285
-10.8931	3.17477
-9.77295	5.16881
-13.8365	-7.03565
-4.8827	6.5965
-6.60239	11.8072
1.70441	2.78361
-9.0849	-6.43526
1.46099	-5.8208
-6.58427	2.51748
-2.92693	-8.88237
14.6208	9.44559
-11.778	0.0625534
-6.23085	-11.8307
-0.780357	7.56604
-12.667	-5.90288
-14.671	3.82066
-7.93433	-1.15751
13.0718	-3.094
9.83178	-13.8936
-1.04401	-12.5966
-3.20366	0.0229687
-10.7979	6.70437
-5.62197	13.3993
-6.85826	14.3727
2.76543	-6.50325
0.000136535	6.02612
3.51193	-12.4628
11.5293	14.9282
-14.5226	6.63055
0.745187	11.7157
-6.52175	7.14669
-11.3676	5.19313
-12.6907	-1.84777
-4.72377	2.58824
-0.0837275	-3.16726
-10.875	-6.66347
12.6976	13.6567
-9.44637	11.8643
3.34216	8.00619
-4.2563	9.06011
-2.23634	-7.6885
-12.9465	13.6354
8.33844	-3.56608
12.3985	-6.4024
-7.1619	5.84308
-12.1759	-0.125555
-11.4634	-7.24505
9.425	-4.72216
-4.90751	-1.1841
-8.97667	-0.584134
10.7783	-14.873
11.5744	5.71203
1.52605	-12.9512
13.1467	11.8633
5.22459	-11.3168
6.92532	9.80791
-12.1437	-9.38213
8.04752	-2.34627
-3.13298	-0.820188
13.0075	-10.8834
7.01123	12.4142
-1.22122	-9.35504
1.11767	-12.5616
-7.09925	-0.0915648
4.86301	9.80964
10.0178	-14.1467
-0.985616	-2.81318
-13.7233	0.178269
11.5307	-9.16641
4.22994	-7.57356
-1.62776	14.7423
-8.40746	-13.3289
10.4414	-8.09753
13.7924	3.40819
7.53916	13.1146
-9.60269	2.15052
14.2215	0.500446
-5.18371	-11.0427
3.45163	-14.7786
9.91076	-9.33138
-12.0117	9.73373
-9.83049	13.9322
0.212141	-9.42097
2.92696	-8.35865
-13.9683	-2.33033
0.72627	6.29882
8.78897	-10.2664
-7.39857	-6.5841
2.72718	-2.99105
-11.3179	-11.7442
7.49087	14.1765
10.8758	11.3151
-12.0106	3.61025
-5.05016	4.91747
0.493005	-9.89157
4.51641	-11.8033
-10.3479	2.97428
7.72084	-12.2107
-12.4295	-7.79153
10.5874	13.1357
5.48295	-2.67312
9.81577	10.8938
-12.7316	5.10887
1.97534	8.0966
5.01051	6.28933
-2.52493	7.64472
14.9316	7.03561
-0.532832	7.99489
12.1952	11.7269
-0.947515	-1.67132
-8.71747	12.164
-13.3847	-8.95349
5.52764	1.25149
7.73841	1.60169
11.2403	-8.41063
-10.1644	9.02732
4.62426	-11.4185
4.26331	-12.4595
8.64718	-12.202
11.2604	-4.94869
10.1578	-0.423408
11.3266	6.60583
2.03018	-12.7284
5.05933	-2.57648
-4.53408	14.4153
-3.76929	0.179461
-13.8744	3.88813
10.7796	12.1137
13.8828	13.0836
8.01782	-13.0082
13.3678	13.1145
3.22413	9.61487
-0.229704	-12.9068
-7.8472	-3.1891
-9.03731	-5.97326
-11.6724	-2.82652
6.09802	6.39368
3.40503	-5.36635
9.13173	4.67304
5.59116	5.92504
-7.59982	-0.743788
11.7936	-7.05605
8.94057	5.03985
-4.24302	4.71591
-7.33198	11.5324
-10.0559	13.3651
9.92533	14.9735
11.7765	2.88674
9.31995	13.0871
13.1677	-7.18488
12.0101	13.9658
-0.484247	0.614199
11.756	-9.21669
-12.3785	14.8075
11.423	8.68607
-6.53603	6.37296
7.78446	4.66608
0.894798	14.1226
14.2786	11.6396
-5.19262	-2.81316
-12.8164	-1.92034
4.26232	-14.2795
-11.4339	4.75578
12.2502	6.44997
9.7296	2.51387
-1.65014	4.50069
-14.0238	-6.03176
-2.22101	10.501
-0.746279	-5.6266
14.7428	0.178867
1.69468	11.3625
-2.05088	-4.91116
-10.0007	0.946561
6.29458	7.61037
-2.79278	-10.6593
-13.8493	-8.21948
-2.70185	-5.32024
6.25685	-2.70058
-12.0222	-6.90618
-1.1397	14.7707
4.30591	-3.2858
5.24796	1.16292
-3.38158	-8.34805
7.77114	4.17275
2.74468	-3.00746
-6.19022	-10.4912
2.05676	11.4287
9.7363	-3.65885
-1.87343	12.1062
-14.4953	9.16007
5.36205	14.2693
12.0616	-0.975881
-3.67724	10.5972
-4.2178	7.01769
-2.07195	12.7585
6.8766	-6.96085
13.9203	12.1207
-11.8354	8.40927
-11.0203	7.09794
-2.85978	0.306336
-12.7776	-2.81265
10.8785	-4.1936
14.4618	-9.75858
-3.38199	11.8584
0.863824	-10.3771
-9.32704	9.14695
2.34728	13.1423
-8.28823	2.63831
-5.72667	-12.4895
-7.80474	-12.1862
-1.9819	-8.74585
-6.70047	-12.4054
-0.910738	1.24198
11.0975	-12.6803
2.51396	-10.5365
3.1211	-10.5181
1.09545	14.5577
3.30652	-8.45031
0.0971794	5.00232
8.6665	13.7261
9.33147	-14.8345
6.25363	4.59568
8.07182	-3.74328
-5.92842	12.8329
1.60835	-7.5091
12.7442	8.31218
-9.11317	-4.05356
-13.2148	-9.13535
-6.41381	-4.98142
1.59388	10.2971
-9.43037	-4.22326
