-7.22795	7.73141
2.54375	4.72459
-6.9998	8.44078
-7.04441	8.28541
1.91565	3.97837
2.26915	3.54055
4.56164	0.23927
-11.1617	6.68835
-11.4348	5.11539
-4.84782	8.84512
4.36267	3.07777
-13.7989	2.8911
-13.3655	4.81719
-7.97953	7.36209
2.66123	5.51815
-12.6541	4.76821
-14.2747	3.4293
-14.0244	-1.46183
-11.4415	6.30083
-11.6574	4.865
-14.5678	0.705672
-7.80734	6.99655
-0.211096	6.49962
-8.07539	7.21559
2.2732	6.10109
1.67984	4.96377
3.48964	4.58469
-0.732314	6.53819
-14.0711	3.84624
3.30377	1.79791
-0.269663	6.02664
-14.3178	-1.49922
2.02965	5.52212
4.55356	-0.26925
3.82018	0.13404
-0.0523911	7.2407
-10.3967	5.63603
-14.5392	1.12329
2.28379	3.79454
5.19425	-1.154
-10.4295	6.17883
-6.63412	7.32661
3.96727	2.78548
2.5394	4.42479
-12.5747	5.59158
5.33168	-0.333579
-8.4921	8.11942
3.33398	1.50367
-11.4226	5.06424
3.18924	3.42125
3.65269	2.15236
-4.36714	6.99207
4.29974	3.75087
-12.6867	3.20754
-6.62612	7.4028
-2.19546	7.50083
-14.3399	-0.919776
-5.75335	7.94308
3.12045	4.29574
4.76703	-1.26575
-7.32633	7.92505
-13.0373	4.98111
-13.7001	2.18288
4.19642	1.94882
-14.6738	2.15091
-5.66735	7.66335
3.29522	2.76071
-1.99114	7.22297
-4.80734	8.18634
-10.5437	6.33068
3.88336	3.47769
-14.2461	-0.229111
3.96351	0.287425
3.99676	-1.17896
-13.1601	2.7568
-2.22832	7.7825
-10.7802	6.69027
3.78385	0.669913
-14.1449	2.39118
2.66279	4.44632
-11.1101	6.26965
-10.6811	7.29831
2.52026	4.66141
-3.6723	7.04953
4.4077	0.945897
-3.0797	7.2364
3.8282	3.24267
-6.92152	7.47854
4.38086	-1.06919
-6.75544	8.50469
-13.5882	4.14791
-13.9673	-0.297385
-0.119309	5.82344
3.03602	2.49045
4.20055	0.859389
4.40132	0.202402
-2.86819	6.83346
-0.845225	8.0304
0.926683	5.5713
-12.6721	5.15835
-15.7894	-1.33754
-1.98094	8.41902
-15.4596	0.502768
3.91511	-0.468665
5.59349	-0.913375
-13.3765	1.45015
-1.40291	7.06433
0.959182	6.6022
-8.40589	6.92387
-12.8899	4.12303
2.95812	4.61939
-1.83522	8.04079
-11.4701	5.41869
-3.38769	7.99923
-15.8021	-0.522247
-0.817081	6.42861
-1.3626	8.26592
-11.2256	5.0461
-14.8948	0.961356
-0.841994	6.31165
-0.567667	6.23097
-13.4563	4.38087
-3.56795	7.48049
-12.1844	5.17703
5.24279	0.0732284
-10.4121	5.85512
-12.3153	4.59311
4.79387	-1.88691
-1.43273	6.85986
-2.03124	6.8483
-8.02792	7.35964
-12.9104	2.5392
-4.92404	7.92376
-12.6358	3.85196
-14.4255	1.02844
-4.33744	8.86989
-15.1238	1.54354
-12.1224	3.66205
-13.4431	4.54575
2.54916	3.60806
-15.314	0.842632
-10.595	6.74317
-6.46532	8.46403
5.06958	-1.5094
2.9227	4.1613
-13.5135	1.84486
1.84811	4.36761
3.89684	0.533464
-14.0181	-1.36174
-11.8235	6.51686
-2.68085	6.86997
-14.5267	0.0766583
-9.92502	7.39843
-13.4738	3.98231
3.88416	3.49261
-6.59443	7.28629
-5.32225	8.41104
4.20918	1.57336
-12.5033	4.0632
-2.74152	8.17887
-14.8731	0.706738
-8.93316	6.37661
2.44234	3.26686
-0.932033	6.22661
3.19912	3.43142
-8.37195	8.04386
0.942397	6.20174
-9.96264	6.53635
-12.3114	3.81249
-9.45716	6.32193
0.154402	7.54595
-8.49448	7.46296
-8.0585	7.98126
-3.93315	7.46552
5.52805	-1.94332
4.47803	3.31774
2.87572	2.6829
-14.0424	-0.652483
4.5665	1.51239
-3.74894	8.72525
-14.0723	3.65326
-9.86101	5.77322
-6.44594	7.37331
4.20474	1.34026
-7.58409	6.98388
-11.935	3.86853
3.66468	4.71377
-11.4383	5.73501
-14.4568	-1.14254
-11.3362	5.73365
-14.4764	2.31784
5.50062	-1.2039
-4.59392	8.9252
1.39429	5.22454
-12.9826	3.21472
4.76493	1.29232
-13.6235	2.48777
-15.0875	1.93762
-10.9159	4.78892
-11.0135	5.02177
-1.52314	6.35964
1.06764	4.88164
-2.43237	8.49674
-11.3631	6.1721
-14.1627	2.88098
-6.98288	7.23345
-0.0130696	7.55375
-6.68591	7.83407
3.25882	4.62912
-14.1188	-0.461928
3.82636	4.15077
-0.865436	6.3224
-10.7907	6.03867
-0.0637039	6.05996
4.42217	2.1437
-12.0895	4.33086
-13.9317	3.21955
3.95857	2.1385
-15.0903	1.0351
-14.2839	0.0369429
-5.61842	8.12042
-5.29391	7.47157
3.82376	0.968235
-13.4915	4.40384
-3.74989	7.58177
0.203066	6.22112
-3.64089	7.16531
-4.29633	8.72108
-13.5199	1.59491
2.79006	3.52369
2.91686	4.11583
1.48165	6.8386
-7.94933	7.68766
2.65031	5.3489
-11.604	5.83988
-13.2091	4.26652
-12.8152	2.63561
-14.6103	2.34579
2.93232	3.73148
2.78791	2.51122
-13.9146	1.20627
-3.63065	8.25169
3.86291	3.32984
-12.7697	3.58131
2.94527	4.3381
-14.5158	-1.09889
-4.16647	8.8513
-11.8211	4.13299
0.767605	7.14539
5.78633	-0.363716
-7.44509	8.57633
2.80157	3.59015
-4.06937	7.39248
4.85436	-1.10202
-4.90454	8.11462
4.57578	2.71305
-1.90594	8.48296
-12.5988	4.19309
-14.3002	1.78246
-14.3437	1.26895
-14.5461	-1.95808
-2.05145	8.0321
-0.914873	6.11078
-0.00920943	6.3086
-9.55173	7.03861
-1.96833	6.58187
5.19399	-1.18715
5.01038	0.512791
-3.93766	8.02303
2.79751	2.75817
0.591945	5.40627
0.200224	6.3069
-3.86253	7.86729
3.71281	2.24648
-14.0301	1.11074
4.70796	0.271068
5.73522	-1.6101
4.37217	2.17503
4.69334	0.188586
-0.952306	7.63555
-2.86487	7.24552
-14.1555	4.09099
-4.39681	7.44989
-6.82264	6.83317
3.93091	-0.304734
3.32898	3.82178
-14.4871	-1.94493
-6.40506	7.45292
0.869637	7.21898
5.03812	-0.900162
3.25433	1.9775
-5.77768	8.69894
-9.35529	6.56936
-12.2959	5.52745
4.63864	1.51327
-8.06845	7.54332
-10.4158	6.72228
-7.2618	7.83632
-13.3946	2.66887
-0.655637	6.42353
1.82522	5.8788
-10.465	6.01546
-14.4805	0.617218
-13.3426	4.30437
2.20433	3.9267
-13.7086	2.48134
-12.5928	5.36834
2.38099	4.86023
-7.9455	8.43606
-3.43707	7.99892
-4.65264	7.79673
0.0142294	6.72437
-11.3265	5.50981
-4.62465	7.97188
-9.22385	8.14489
-1.79261	7.9661
-14.9908	1.73034
-7.19817	7.34001
-14.5624	2.7737
-3.29147	8.00232
-13.7117	1.30138
4.66682	2.1716
-10.0974	6.30509
3.38986	3.57923
3.75231	0.485555
-13.5802	3.21198
-6.50797	8.25875
4.15367	-0.427112
4.72697	-1.10664
-14.2919	0.233765
2.59614	5.88461
3.45759	3.78818
-6.96844	8.80224
4.801	-0.081967
2.90017	3.30891
-14.7762	-0.503201
-5.48872	8.92893
-11.9197	6.34892
-12.2571	4.09607
-4.91657	7.62215
2.20258	6.04823
5.39912	0.065938
-0.0317614	7.32856
-1.91959	7.06691
2.70955	5.6148
0.140213	5.77272
-12.9107	4.13598
4.86487	0.634922
4.04837	2.03543
3.84214	-0.042809
0.627903	6.14617
-13.9308	1.64579
-10.889	6.74706
-14.6782	-1.74364
-11.5589	6.49532
-14.5595	-0.272169
-6.30108	7.82194
-4.22777	8.85054
4.37754	3.13825
4.4792	1.44683
5.06343	0.406734
5.03708	2.47316
-10.4207	5.93843
4.73745	-1.60836
-7.77705	7.80769
-14.3195	0.599366
-12.8621	3.53322
-10.5842	5.21095
-13.8984	0.287961
0.527602	7.51028
-11.6215	5.07691
-1.08944	7.39544
3.15756	3.78265
-11.8275	4.89734
3.87887	0.229443
-15.7363	-1.00711
-14.2273	-0.987403
-11.2008	6.48633
4.07832	0.361307
4.04746	1.75609
2.34119	4.424
-15.0177	-1.57186
3.7097	1.24235
-3.38468	7.63042
4.79899	1.76328
-14.1706	1.60417
-2.15698	6.71247
0.528092	6.98193
-3.18203	8.58735
-2.35475	8.41239
4.55474	-0.334796
-0.980336	7.05996
-14.3367	2.86664
-3.06025	7.06877
-7.56239	7.00075
1.78884	5.31248
2.02647	4.42112
-5.94421	7.83364
5.55346	-1.22396
3.12399	1.91788
-6.28039	7.57793
-12.818	3.02258
-8.2659	6.48494
-11.1782	6.43905
2.83566	3.72714
-14.5043	-1.89788
-0.815695	6.08534
-7.96421	8.44231
5.02563	1.969
-1.58735	7.4252
-13.4525	2.26236
-4.87301	7.05858
-4.30504	7.81228
-11.8901	4.95065
-13.4812	2.50364
-15.7915	-0.0405186
4.54538	-0.233028
-14.8171	-0.480154
-0.388826	6.08097
0.837742	6.45818
-9.62266	7.46886
1.2265	5.86214
-11.211	4.86946
-12.5824	5.95807
5.30653	-1.37901
-14.1548	0.602399
5.00959	0.58352
1.63702	4.82489
-0.119908	7.16554
-8.13637	7.7604
-5.84026	8.06211
-14.3489	-1.45302
-14.8778	1.28507
-11.6196	4.8147
-11.9146	3.77508
4.80852	1.28323
5.84706	-1.93512
-8.38391	6.43872
-7.61034	6.92568
-0.172192	6.29049
-7.64078	7.47902
-5.66215	8.68665
3.96106	0.520103
-1.06887	8.18721
-13.7644	1.44139
-11.1762	5.67489
-15.05	0.70794
-14.434	-0.0581175
-0.168684	6.95155
0.100474	5.65625
-9.63548	6.41971
4.14055	2.83075
-8.32535	7.62655
-12.3575	4.37888
-0.0176011	5.73093
-0.719438	6.77685
-15.5188	0.482619
-2.49952	7.85135
-5.9235	7.83378
-15.6766	-0.114846
-14.7707	1.68535
-9.62189	6.61042
-14.8356	0.640616
2.90936	4.73175
3.2061	3.80299
-5.77088	8.69968
-0.52551	5.96534
-7.3183	7.05382
-5.29458	8.10024
0.824656	6.46405
-13.1808	2.79002
1.76555	6.57303
-0.188205	6.08646
-15.1382	0.0074943
-4.40554	7.51322
2.26353	3.80129
-4.90568	7.36866
-7.39185	7.50739
-6.74352	8.25728
-13.4836	4.9252
-0.982497	8.17996
-13.0765	4.41152
-4.57253	8.51791
-11.5607	5.26354
-9.80908	6.27162
-12.4253	3.32201
-10.9003	5.5235
4.01215	1.71204
-12.2662	6.20127
-11.7841	6.00292
-5.04024	7.92572
-11.6118	5.51492
-13.6309	1.28094
-8.03534	7.8972
-7.47752	8.32353
-9.52672	5.92706
-12.9592	2.66809
-1.539	7.02011
-6.94905	7.63059
-13.9404	-0.569031
-0.440399	-6.19199
12.0328	-4.33712
-3.96551	1.14134
-4.48647	-1.23348
-0.250294	-5.87902
6.14584	-8.6967
12.1537	-4.41341
-1.55898	-5.56373
-0.916124	-5.44116
-5.38462	0.576583
-3.28927	-4.42398
2.54958	-7.86897
1.08203	-6.87736
13.6903	-4.43307
9.07923	-7.98169
-0.383252	-5.59014
-5.21835	-0.629411
13.8967	0.398519
3.88526	-7.21914
-3.79882	-3.26533
13.3485	-3.31282
13.997	1.08474
-4.29224	-0.479254
-3.45094	-2.98275
13.6535	-0.775261
-0.740298	-5.17698
11.4793	-5.52528
0.110817	-6.9811
13.8334	-0.656565
1.86194	-7.49029
5.81482	-7.61262
8.76809	-7.31997
14.4873	-1.96967
15.0814	1.44737
2.56524	-7.74905
-4.62272	1.28387
1.57519	-6.41247
-0.694159	-5.48034
-0.494825	-5.95798
-4.29384	-3.8576
-3.56482	-0.905711
14.0039	-3.17447
13.8396	-0.0374992
14.3099	-0.217527
-2.70692	-4.05103
13.6315	-0.870411
12.342	-5.82602
-2.17788	-3.4953
-2.74919	-5.43293
13.8763	-0.128226
-3.4226	-3.11385
7.66415	-8.55195
6.28744	-8.61915
5.48189	-7.68713
-2.63884	-3.6184
14.1995	-1.157
14.3653	-2.98698
-2.90362	-3.26344
0.805766	-7.35817
12.7039	-4.38569
0.89566	-8.0192
12.5156	-5.71612
14.2746	0.598627
1.72717	-7.72778
13.4033	-4.10861
12.7759	-3.4145
11.365	-6.95069
1.76029	-6.80106
3.68223	-7.35482
1.55435	-7.30973
14.7166	-1.92011
12.3385	-4.70355
13.1565	-3.98215
5.33862	-8.63879
-1.17071	-6.69494
1.32945	-7.35352
15.4207	-0.481228
5.71076	-8.8167
13.2505	-3.79201
-5.09329	-0.630445
8.31622	-7.94236
3.34923	-7.27104
13.886	-3.61318
7.6564	-7.82094
-2.32403	-4.6852
14.4039	-1.0183
-4.23262	-0.549466
-1.60416	-5.87787
-3.76457	-1.83857
-0.508518	-6.05664
12.531	-4.0162
-4.39635	-1.96872
5.57987	-8.53545
-3.76362	-3.45279
14.0398	0.412171
13.4222	-4.84972
15.2929	1.50482
-4.6807	0.0494685
-4.41367	1.12347
14.2769	-1.41588
14.0479	-0.190384
-3.6723	-4.2299
13.9239	-3.74513
14.7559	1.12601
-2.6563	-3.87931
-1.15757	-6.03068
-4.8058	-0.859308
7.18571	-8.10742
3.0435	-8.61814
4.80479	-7.56407
11.5849	-5.14912
10.374	-6.23428
-4.84141	0.457064
12.6555	-3.14204
12.227	-5.90423
-1.82306	-5.00763
14.6737	-0.425921
14.7131	-2.11559
9.76055	-6.8445
13.866	-2.05406
14.2969	-2.09786
13.1082	-2.48058
-1.02724	-6.62207
11.0739	-5.63046
-4.98521	-0.904921
4.81376	-8.76373
8.41318	-7.48052
0.629306	-5.88779
-4.74579	0.763889
12.8624	-5.39744
15.6754	-0.243793
12.9132	-4.27352
-5.18939	-0.442134
7.78001	-7.76247
15.4361	-0.298159
-4.53783	1.3391
12.3694	-4.20877
-2.87542	-4.24774
9.78394	-7.57901
-3.23346	-2.42481
-0.0807911	-6.19479
-1.93781	-4.35736
-3.82374	-3.16648
-4.8033	-2.34614
7.85044	-7.06752
-3.82596	-3.19344
-5.52287	0.824347
15.391	0.0595338
-4.0095	1.05665
9.41096	-7.8541
1.22805	-6.90778
5.08918	-7.81748
6.67235	-7.70763
1.34958	-6.28581
6.98169	-7.31357
13.9556	-1.61877
1.09716	-7.22129
15.3699	-0.122426
13.9344	-1.15324
-4.0784	1.68782
3.86313	-8.41702
-2.57517	-4.9291
1.86872	-8.43016
13.2361	-4.83156
-1.08996	-7.07153
-3.6123	-4.77518
-1.79784	-4.29076
9.24064	-5.98495
-2.98951	-5.05537
-0.646227	-5.14254
13.4437	-1.75862
13.7486	-2.23361
5.94458	-8.22009
0.852361	-7.09136
8.26449	-6.82458
-3.87979	-2.61771
12.622	-5.62412
6.19641	-7.44549
6.26571	-8.04174
-3.92516	-1.01298
9.7178	-6.67122
-4.55049	-1.25009
14.4952	-0.717753
0.386167	-6.57928
-4.38981	1.40698
-3.91588	-0.0792118
-2.70207	-4.19534
5.46049	-8.42648
8.65928	-7.15623
-4.44058	-0.0590564
8.12601	-6.91518
12.2455	-5.48283
2.63884	-8.39396
6.10483	-8.37517
15.0433	-0.639747
14.1435	0.827675
9.49029	-5.81992
11.1761	-6.43456
-4.53986	-2.11471
-2.69808	-4.05336
11.9487	-5.76992
-2.20385	-4.69961
-3.09112	-3.14191
10.6254	-5.68274
12.5987	-5.24077
-2.46541	-3.80507
9.09052	-6.80964
13.8969	-2.0171
1.51598	-8.01049
-0.249247	-6.04264
5.69128	-8.22239
6.20913	-7.08681
8.33052	-7.17298
14.0502	-2.12379
-4.29846	-2.50265
12.012	-3.75057
14.5844	1.11737
-3.94451	-0.114494
-2.03156	-5.05306
3.45966	-8.73284
13.9815	0.0399056
13.1254	-1.98703
13.3632	-3.59186
12.7938	-5.24947
-4.39581	-0.327132
-4.30214	0.946605
-3.81735	-4.05193
-2.27364	-5.48083
0.423084	-7.49139
-5.40923	0.662137
4.43682	-7.21557
-4.22927	1.85362
10.7862	-6.16947
12.0892	-3.96994
13.1038	-4.57773
-5.50919	0.540831
-4.18192	1.93709
-3.73457	-3.1473
13.0079	-2.29658
14.397	1.89796
10.9782	-4.8675
-4.61527	-0.313189
-3.83576	0.0212701
2.87425	-7.20337
8.56003	-6.41956
14.0505	-0.367693
-4.16413	-4.00533
-4.18546	-0.0491974
13.6989	-4.48309
7.06679	-8.14713
14.177	-1.73509
-2.53461	-5.95498
12.3963	-4.62998
2.35757	-7.014
14.0901	0.835116
11.3512	-4.93143
6.93659	-7.45394
-4.14838	-1.16076
3.89538	-7.36252
14.5602	-1.05015
10.7452	-5.26776
-4.07506	-0.258109
15.251	1.37181
9.3364	-6.58569
13.9598	-1.37963
0.111516	-7.14229
3.00189	-7.23047
1.47859	-6.9801
-2.15331	-3.67954
9.71982	-7.57408
-2.41202	-5.04046
14.8097	-2.74253
1.00986	-6.36668
-1.81637	-6.55266
-1.24822	-5.93669
14.0066	0.781157
2.31444	-8.18553
-4.06013	-1.13016
11.9507	-5.85309
10.3041	-5.82482
13.1776	-1.79727
2.27941	-8.50546
-2.22048	-5.39402
14.6479	-0.929963
11.5176	-6.46852
-3.95715	0.628317
10.7113	-6.12088
0.276393	-6.94889
1.35711	-7.09849
-4.88673	-1.30636
6.94281	-8.02349
13.6241	-2.93776
10.2098	-5.76144
7.78681	-8.01483
-4.0623	-0.873088
15.105	1.01236
-4.24367	-0.693567
0.358257	-6.96005
10.5523	-6.34228
1.88726	-8.43312
1.78246	-6.92317
13.1068	-3.52116
14.7947	0.969188
-5.42901	0.407972
4.46289	-7.48739
6.53176	-7.29033
1.19049	-7.34635
-2.08979	-5.98836
14.0495	1.88699
-2.09266	-5.69134
11.8599	-5.50327
-4.40934	-2.06252
14.4063	1.75361
-1.36766	-6.91827
12.9088	-3.02279
-3.98013	-4.0684
13.1354	-2.96715
10.3494	-5.71593
14.3228	0.800588
-3.57452	-1.48121
-3.90659	-0.632645
12.8694	-4.87333
-2.22407	-4.21898
2.33031	-8.54172
-4.55771	-2.85585
-0.785204	-6.32557
13.621	-2.57895
2.59301	-6.88632
-3.93896	-2.92406
-3.2457	-2.71302
8.54662	-6.671
15.5733	0.822581
14.6831	0.945808
1.90168	-8.20828
12.1497	-5.00023
5.85331	-8.7996
-3.00211	-2.76163
14.5529	1.46027
8.75125	-6.46239
11.0603	-6.15605
12.0806	-3.74973
12.2144	-4.42658
-2.46099	-5.04028
12.9062	-4.12375
5.72691	-7.52404
12.4905	-4.3654
-0.305402	-6.66534
1.12898	-8.05394
4.28675	-7.83127
10.8792	-6.76813
7.68831	-7.6001
5.41179	-7.89599
14.5669	-1.02444
-1.29482	-5.59758
14.6447	-1.66125
6.30262	-8.76185
13.7464	-3.7119
-4.69238	-2.64364
9.70112	-7.36051
12.38	-4.40516
10.4697	-7.32098
-0.94033	-6.37965
13.3798	-2.58786
6.9119	-6.81337
15.4434	1.12968
-2.91585	-4.86423
13.8842	0.540825
-3.37681	-3.77218
12.6202	-2.92088
1.14987	-7.3745
10.2198	-7.65989
11.959	-5.7236
14.5254	-1.79914
13.8763	-4.16236
-0.507327	-6.74076
8.67215	-7.0987
10.5177	-5.7877
-4.44935	-3.1867
13.3264	-1.93053
7.29114	-7.32975
11.16	-5.64908
7.05124	-7.48041
-3.58106	-1.17707
8.21755	-6.88177
8.78592	-6.25635
1.18855	-8.06136
-4.5019	0.405967
14.0934	0.902852
-5.55713	0.972567
-5.19867	-2.05873
14.4769	-3.29314
10.5731	-6.90661
2.63229	-7.29734
14.841	-2.76316
-5.27338	1.9117
14.8643	1.49444
14.7872	-1.50743
10.6321	-5.48574
-4.28821	-3.31897
-2.65643	-4.02664
0.495794	-6.01108
6.77402	-7.72665
-1.55021	-4.36159
2.1922	-7.3085
-5.66186	0.109796
-1.44926	-5.99252
-1.65356	-5.31621
8.28184	-8.41872
15.114	1.01022
4.52494	-8.01102
13.919	-2.60248
14.5776	-2.95022
5.11571	-7.77024
10.467	-6.26413
4.42403	-8.39809
7.42716	-7.10124
-3.00278	-4.4645
-4.82577	-0.0031939
5.39068	-8.68945
11.9809	-3.70526
3.0605	-7.984
13.2339	-2.5257
-4.92519	-0.29693
6.98882	-7.51937
-1.20287	-6.20462
-0.235222	-7.25813
-2.11756	-3.8126
2.80435	-8.13939
11.9794	-5.27838
14.3859	-2.97234
7.46912	-8.17226
-0.47952	-6.28323
15.1033	-0.829598
14.4835	-0.330132
9.48004	-6.53451
15.0856	-0.604069
11.0149	-5.97425
-5.08927	-0.124249
-4.07334	-2.97519
12.6904	-5.71502
-4.88917	0.955014
14.7827	1.53357
-1.59313	-5.59764
11.2647	-5.78169
15.4879	1.09115
5.26776	-8.96196
-3.9043	-3.57449
4.25356	-7.67492
2.84138	-8.00542
14.4853	-1.36202
-4.86615	-0.161543
-1.22794	-4.64332
9.26007	-7.61459
9.7822	-5.8075
12.9264	-2.75031
-3.95078	-0.00333515
4.18212	-6.99166
-4.77487	-2.06815
-1.85934	-4.81728
8.62516	-6.33922
6.11893	-7.26801
10.2489	-7.4652
-3.97987	-3.92252
-4.87022	-2.12648
-5.06223	-1.60209
-1.13417	-6.19825
7.44337	-7.37128
13.0577	-2.4829
10.9058	-6.29754
3.20788	-8.20197
0.203192	-6.40096
1.22065	-6.41424
12.5677	-4.39458
4.92881	-7.90388
13.9463	-3.60703
2.69922	-7.94237
2.94276	-7.19213
12.3529	-5.79888
12.9323	-3.84661
9.82958	-6.95896
14.6254	-2.34473
-1.23047	-5.10973
-3.59355	-4.42785
-2.06531	-5.08124
13.9327	-2.95143
7.89167	-7.08491
-2.81311	-2.99164
-5.08661	-0.992916
9.88928	-6.32569
6.56943	-8.31146
1.3759	-7.97059
12.4353	-4.25024
11.6677	-5.28071
-2.7108	-5.79105
0.293647	-6.08683
13.5698	-3.90653
13.21	-4.77811
-4.27858	-2.72959
14.7546	0.470511
-3.776	-4.09447

-11.5678	-6.16084
9.82806	5.78467
-8.82069	-7.54128
0.725417	-11.3774
10.25	5.85063
-11.6601	5.26104
2.85384	-1.19455
7.87331	-13.8923
-13.8301	-4.65903
2.525	-5.76447
8.20052	-5.09205
-1.79249	0.951051
2.62405	2.92867
-10.0518	-6.45414
5.47071	-11.432
-9.03052	11.7206
-13.2192	13.8744
-12.5654	-7.61804
13.6789	11.674
-8.3215	-1.68203
12.4608	3.67885
14.2231	6.2266
-10.516	-6.70211
-12.3762	-3.55807
8.4621	9.59346
6.69821	-0.891361
7.29602	1.29008
-4.09975	-9.53748
-13.1732	1.4672
-9.83209	12.0746
-7.80094	7.19944
-10.0567	8.21182
-7.55651	8.38785
-1.61772	11.8424
5.80843	11.0829
11.5039	1.21257
13.4431	2.81521
5.73464	9.27819
-0.13535	-7.94941
11.7451	-14.8579
12.7097	-7.09272
-13.2125	2.52107
8.51927	8.77686
12.1873	8.14439
7.52558	12.2237
10.9877	-5.64044
14.5164	8.68156
-7.20577	-10.6882
12.7417	2.70413
9.3204	-7.53988
6.38198	10.2629
-2.99212	4.18219
13.3138	13.8788
-1.59497	-9.55826
3.66385	2.89548
0.800786	2.58452
12.3812	10.4446
12.7722	-1.79216
0.437311	-6.64201
7.22708	-2.75607
-3.25584	5.71678
8.07048	-2.80805
-9.11076	-6.19493
-4.06222	-6.40923
-10.4206	1.23496
-7.46175	11.4669
-9.38179	-0.534576
6.10894	-9.3169
-11.833	-6.5489
-12.5705	-9.2441
-0.919292	-10.1128
-11.9734	9.95862
-5.2999	-4.67403
-4.12987	-14.5275
-1.21096	-5.72639
8.21921	2.41245
2.56005	-5.96694
13.1602	9.9713
-10.7892	-0.0424158
-7.48129	11.8237
-12.7715	-1.4213
7.73538	-0.757074
13.6575	-5.39586
-3.70691	11.7401
-14.8537	0.96088
-8.43215	7.88851
9.63504	-1.71341
-4.56211	-1.52587
-14.1687	-2.0482
5.35239	0.0873151
0.465007	11.5674
6.53231	14.0087
3.83062	-12.1633
-10.386	4.07534
-0.510023	-7.10372
2.13008	-11.7035
14.1914	1.57259
14.4075	8.28682
2.07921	-7.14419
-6.65738	3.96245
-13.2681	6.33399
2.93003	7.51167
9.45943	0.748215
10.0532	-13.6588
0.339563	-8.90847
-0.776518	-4.43164
-6.4736	-13.5764
7.02591	-8.22358
10.3475	-1.04429
-14.8666	-14.5473
2.96399	-12.0557
-14.0624	0.27864
-5.39205	-11.1435
0.812287	-1.89236
-14.7071	6.80563
-4.78512	-7.5815
3.03393	-14.7221
-14.575	-14.9448
-1.07892	-7.63643
-2.8617	-11.935
13.3133	14.7131
-9.37926	1.40422
13.9203	10.3341
-2.76102	-12.4794
4.15475	13.5887
0.0405758	-13.181
-8.57097	-6.5808
3.99742	-12.8141
-7.9889	-3.18662
12.8039	9.55862
-1.46264	-11.0388
1.14369	-10.1051
11.3509	-7.20947
14.3311	-3.89224
-0.677787	6.67982
1.27888	-4.8064
0.203263	-7.8242
-11.7621	-14.7205
13.1322	3.33253
2.25272	10.564
1.73108	10.7437
1.38528	-10.6567
4.25995	10.0733
10.6065	-12.426
14.7918	13.7791
4.13087	1.7527
-6.08673	9.23411
6.76128	9.52287
-8.58357	11.1946
13.0722	-10.5133
-10.1621	0.0415364
3.35158	6.12364
-8.88481	14.3057
9.7224	6.19095
-2.37497	-1.09227
-8.36992	-9.32142
-7.56638	5.97954
6.88739	-12.7015
-10.641	12.1176
-4.71755	-8.35126
-0.476344	-2.91195
0.815931	-0.383707
-12.6816	-10.6034
-12.8418	-3.44276
-8.51684	8.32966
3.49219	4.74129
-8.91747	4.68137
6.10397	14.4656
-0.674177	1.40808
-12.5183	13.9726
-5.87391	-13.4608
-12.7462	-13.7597
4.67112	-2.18013
-6.51135	-3.85866
1.962	-3.06282
-4.11622	3.54173
-11.8988	0.990099
6.20849	9.44166
-11.4263	5.5588
12.5907	10.6318
-14.7775	7.42178
6.68171	14.4332
-4.95731	8.90887
-9.58344	-1.79237
-13.9627	-3.05093
3.63217	-13.8424
12.0172	5.63561
-8.90759	5.58213
-12.4831	-9.94975
3.27128	3.50868
6.73997	12.0071
1.30825	5.38538
3.59086	-4.21414
12.8159	-8.06146
-0.122222	14.0295
13.1844	13.6957
9.89943	-4.54441
8.6819	2.39776
10.1299	-6.62546
2.02121	-8.4314
7.53414	-2.05122
7.50801	12.0003
-8.59039	4.87262
4.68467	-3.14611
2.81777	12.2525
-0.295066	6.1693
-12.4835	-11.1763
3.1123	3.65943
7.51366	-2.55393
-3.62128	4.59728
-14.4326	-14.0376
5.15956	-11.5311
-4.86809	-6.62779
1.02588	0.586153
13.183	-8.90599
-0.157479	8.20514
2.13394	-2.61127
8.19023	-14.103
9.81711	-3.36236
3.25578	-5.25328
-3.1292	2.02159
10.4247	-8.78216
5.66679	-10.2344
10.4966	4.34771
-2.12444	4.35877
-5.45691	-10.5116
-13.5823	-8.29509
8.14838	8.60444
-12.4154	-7.13867
1.32227	3.92816
-3.8495	-5.76407
13.7442	-9.94749
-4.35544	7.01931
12.6337	4.74147
-14.431	6.44201
8.55463	-1.63874
7.78272	-10.7992
5.13306	-7.40835
13.8292	-14.0589
13.4927	-6.86107
-4.82054	-10.8275
4.49465	2.5331
12.4321	-12.5312
5.69089	-14.15
4.3195	13.5722
3.82121	-8.30588
4.12075	5.41858
-11.466	-3.77099
5.04606	8.23944
-2.06337	-2.60592
-12.6893	-2.18046
-13.4481	-5.00081
12.8221	-2.33668
-6.51177	5.05336
13.2358	-7.88015
3.12772	-11.1943
-2.89625	7.99556
4.39958	-9.90037
10.6389	10.6554
8.44184	14.2384
-7.57999	8.63991
-8.56489	8.43393
-8.05543	2.20556
0.0153059	-0.84501
4.79597	3.8391
5.33466	1.57164
-11.592	11.7557
-0.459725	3.13393
-13.1239	13.3377
-2.81094	-0.0612897
-12.0356	-14.7198
-13.761	-5.59522
-8.65097	1.30593
-4.68411	-1.10901
-10.0884	11.6059
-1.17882	-12.0859
8.09627	0.320798
-14.0305	-12.9611
-8.09651	2.47882
-2.66486	6.49977
4.02939	-4.13631
-9.14611	14.2092
4.67617	11.9713
8.84125	-13.7713
-14.6872	-3.51586
7.9405	7.95453
-11.8745	6.13361
4.78529	-1.32716
-10.0708	4.13294
-13.359	6.58745
0.959227	-10.1168
-7.97431	-14.7939
6.06224	1.78352
-3.28756	5.28295
-0.655526	-3.13444
14.8231	-12.1909
-2.85831	-9.7024
-12.5331	0.18959
-1.85031	-10.9946
-4.45102	-11.8705
-3.81109	-4.66237
7.8172	-5.24756
-6.80436	2.33362
-6.03772	14.2502
-6.05016	14.3679
14.8392	-14.9021
-8.27483	2.38288
-7.91385	-5.92143
3.01269	8.87546
6.17387	11.5076
-11.1351	-4.58305
7.441	12.0318
-5.39202	14.158
10.7186	4.36799
3.63603	1.31211
13.645	-13.5169
-2.92168	11.2294
-8.23564	-11.5986
12.3263	-3.5914
-13.574	-1.09927
-10.8441	-2.1728
0.334316	6.58943
-11.2854	5.34758
-7.6359	9.90698
-5.44245	4.06037
-6.33578	7.08664
-12.9619	12.683
0.630669	-9.83538
-0.138991	8.16665
-13.9359	-0.154403
0.668458	12.0443
-7.64168	14.6041
8.69666	2.23633
-2.53623	-1.12527
-1.1652	0.491697
10.5715	3.21126
-9.94266	8.86412
0.826779	11.841
14.8506	-11.0136
-1.21168	-14.6842
-1.31471	-3.76209
-0.901939	4.87362
5.1214	-0.99004
-11.6633	-11.93
13.1391	-4.94506
3.86689	11.656
-2.94162	-6.28737
2.71186	-2.25857
-13.9381	-4.77958
9.95552	1.75731
8.73075	-1.33665
11.0122	9.82511
4.08392	-3.36149
9.13461	13.2598
-8.75639	-1.53991
7.46265	4.01324
-2.75098	-12.1477
-0.0666469	-6.11082
-14.3355	8.07461
1.69227	7.62608
5.26514	-6.87621
12.4228	-4.18798
13.7475	-8.62134
2.65178	9.50679
-13.4593	6.16086
-5.55262	-3.12133
-14.7404	-10.4777
-9.54437	12.3397
-1.407	-12.0836
13.3544	7.83529
-2.67387	-2.89065
-9.18861	-6.56624
12.9666	14.1395
7.10228	1.57972
-12.2702	3.28858
-12.3519	0.41476
-12.1491	-6.25234
2.97522	7.73689
2.1015	-1.82991
-11.6383	6.11722
-13.8488	-14.7777
-6.49496	-1.51068
-8.79722	0.730648
-6.82731	4.62022
2.71928	0.618718
-7.57866	-7.35744
-2.55758	0.297749
-4.91332	4.09214
0.204125	-9.28883
-3.89935	12.4864
0.139732	-2.13174
0.354718	12.0525
-7.71792	7.57505
-7.51193	-6.00223
14.2129	0.237002
5.80976	6.32215
-10.7201	1.39095
-7.83494	-8.68191
-12.1235	6.96684
-11.7726	8.06235
14.7593	-7.08278
14.2042	8.12245
-0.444151	2.28866
9.71126	7.29289
11.222	4.30464
-11.0835	-2.12123
9.7991	-0.667189
-8.68032	7.29772
2.4908	-14.0087
-7.31594	-14.8892
7.50242	-8.63088
-1.64613	1.93104
-14.8813	-9.13024
12.8716	-13.5477
14.9445	-2.6913
-7.5354	4.05392
-12.4981	-1.01871
9.82229	4.42816
1.93907	-5.46611
-11.2033	-3.40708
-0.236077	7.24999
-11.9701	-1.24295
11.2556	8.5098
1.24666	-8.37283
-14.5628	-11.2103
0.726705	5.34026
-7.7768	14.443
7.28805	-8.04979
-9.66302	11.0308
12.8207	3.44708
-12.5014	5.36013
8.82301	3.17658
9.84882	-11.1415
4.62664	-4.90063
-12.787	-11.3907
1.98228	-8.51193
-10.5282	-7.50136
8.03793	-3.42003
5.9215	-8.44106
1.62359	14.6115
1.04388	3.9704
11.2474	5.91068
-5.50518	-11.5106
14.5215	-9.94228
2.43343	-10.2854
-13.6496	-6.90274
-11.4334	-4.15243
-4.1686	-0.316716
-10.3295	-7.42544
4.26705	7.82489
8.00872	10.9127
9.65661	-8.62288
12.3618	6.87648
-12.1647	-8.17991
-5.87604	-14.8998
-2.84199	-1.27261
12.5332	-7.64612
14.5425	-1.58507
2.74809	4.18068
11.0068	-12.1966
-3.79565	-3.9437
-14.3732	-7.79303
-3.51624	-7.4092
-7.52588	8.40463
0.955708	-14.3945
-1.16092	-7.65042
10.3933	7.89264
-11.6934	-8.60393
-6.5478	-7.09739
5.8182	3.14716
-5.88586	14.1799
-12.4516	1.29498
0.0601943	-0.781273
5.77401	10.418
2.48767	0.910398
1.14455	3.70267
-6.76477	-14.2875
-12.5959	-13.5284
-5.76756	5.2403
-4.27824	2.42317
7.37829	2.30414
11.9981	-5.32116
-1.69475	-3.59728
7.80635	9.10311
-14.2465	-10.8513
3.92987	-8.31106
-6.12104	-9.78941
9.8651	11.2056
-9.57104	10.6176
-14.4003	-14.4773
-4.72337	-5.86267
3.8864	9.86045
-5.63664	9.01844
7.3655	-9.85304
-10.0876	2.94517
-13.4372	6.2133
7.67265	-14.3938
12.8421	3.0557
-2.71725	2.66713
-11.6524	-11.285
3.45645	-6.97131
-3.5247	-12.5221
-8.26476	12.8445
-4.95209	-1.01134
0.258807	-3.52262
-10.4189	-6.54282
11.0711	-13.4539
-6.62438	8.58003
2.42701	-13.47
-6.60251	-14.4696
-9.34534	10.1559
10.1659	-14.9535
13.9764	-7.6513
14.9183	7.58872
-3.84498	1.61367
-8.25197	-14.4851
-0.405308	10.6041
-6.97732	-4.43235
-6.22477	14.2448
-0.912486	4.03839
-3.22781	-1.84456
-1.40611	2.8862
10.1771	5.41198
10.6296	3.94036
14.1784	11.019
5.40867	12.8856
-3.90176	-12.2907
-4.54912	-14.5641
-0.678112	13.3183
-6.36581	-9.98964
-4.40412	2.54843
-5.89375	-4.85086
2.15204	-7.38691
-0.444966	0.686573
-13.8133	-0.36633
0.118478	-4.83287
-7.84008	3.02632
4.11753	-3.00142
-2.13824	-3.68899
-8.59441	-13.5148
-13.6635	2.70481
13.9173	3.41203
-2.14058	12.5493
-12.3081	-7.60914
-6.33302	4.21654
14.668	0.51734
3.37504	14.7645
1.75763	-5.12838
0.177529	7.71571
4.64284	9.08584
8.2585	-0.438052
13.8757	8.60697
-14.8543	-9.20917
6.75535	-8.06164
-4.79224	-6.96492
1.19968	8.65174
2.99931	-13.4346
7.77495	4.66839
12.3912	6.93351
4.64513	-11.1858
-0.583388	-2.74111
14.8913	11.9605
-2.52603	2.60659
-3.06791	-9.46673
-11.5931	9.08087
7.81078	9.63644
13.332	-0.572927
-1.26132	-14.1774
14.3988	-1.7401
4.38738	-10.8238
6.70295	-13.5347
0.844328	2.17676
1.39338	-6.89927
1.09517	-0.550262
4.56788	-2.5515
-3.37781	8.0999
-12.2207	-12.9875
-9.48724	-4.63471
6.26852	7.5086
0.777417	-10.9588
-10.6492	-12.9929
3.13971	11.7767
-9.12872	5.88384
10.5449	11.1925
-13.9981	-5.44113
-8.71905	7.45848
4.03661	-3.81205
6.83303	5.51352
0.115825	10.5578
-14.1102	1.4862
3.40888	-14.5678
-5.60721	5.94474
13.911	-14.6832
-10.0118	0.826214
5.20566	5.39654
-9.67288	-14.2775
-10.4568	-14.2472
-13.2009	-13.8686
8.17719	8.05564
-14.6324	-12.1758
-5.20178	3.2432
-7.32262	-9.18615
-11.7679	5.13091
-8.50492	12.3146
-6.9228	-6.44518
7.2379	4.77257
-6.12001	2.57001
-3.1246	-5.46593
14.4557	5.63858
-11.8857	-6.48147
-4.91447	11.4317
-4.44262	-2.0825
-6.03009	4.3737
-0.330606	-9.49641
-1.08413	3.84914
7.42819	-9.29256
-2.62207	-4.6562
-2.27295	-6.95932
3.70507	-2.54217
-11.2514	11.2834
11.3454	13.8265
-13.8556	-3.58206
5.6113	9.66746
-1.27623	-10.8523
-10.8298	-1.13961
-6.17062	-12.8019
-1.07741	-5.01281
13.988	12.8513
-4.3557	6.16928
-9.62014	6.29251
-11.3017	9.28686
6.4008	11.0291
-7.7537	11.9734
9.59116	5.71034
-8.77421	5.62533
-14.2652	-12.682
-9.18545	8.71396
-12.5944	2.67322
-8.77317	-11.5049
-6.21035	-9.61255
7.58007	11.4762
0.38453	-5.39051
-12.2846	5.42531
0.810519	5.32589
-0.0850573	0.454805
-10.5378	-1.2328
-10.5425	5.04582
14.3849	-4.55705
0.282063	12.5045
8.37655	-14.1884
-13.9081	6.68317
9.90801	4.74093
5.1284	-1.4752
13.613	-7.96633
-2.88357	-0.197026
4.76752	-0.02488
3.47194	-1.95983
-0.512414	-8.58859
10.4707	3.84646
-8.89299	-3.78227
7.55016	-0.632106
-8.9095	-13.8687
9.84248	-13.7603
-6.92885	-1.77672
-1.68731	6.85597
-13.571	1.42673
2.33702	-8.748
3.17376	-14.7025
-11.9153	14.2647
-4.47255	-2.32584
-12.7132	8.86005
-10.8444	0.300942
-13.308	7.67126
-9.09833	14.3272
1.55691	-1.92621
-12.3967	0.954984
10.1238	-12.0354
11.4107	1.57614
-12.451	-8.66828
14.5538	11.2809
-9.15471	1.08117
4.32401	-3.84986
-11.2864	0.214836
-12.3815	-11.2406
10.1692	-3.11988
-9.38845	14.4364
-6.71861	-14.4102
-8.09825	-7.35951
6.70737	4.54836
-13.7821	-3.0479
11.3038	-6.72159
6.47708	12.0365
2.37681	4.79718
-2.32579	-9.63175
7.18591	-6.2715
5.35353	-13.0956
8.57893	6.81134
6.47173	7.11822
-14.1497	-9.65698
7.65008	-2.70596
-12.7404	-0.857924
14.1277	-4.32849
-14.9529	-12.8073
11.8213	14.1107
-11.6405	-12.2298
-7.25309	0.290943
10.556	0.978832
-12.3866	13.0312
9.01828	5.31751
6.5217	3.1123
-7.70458	-4.24909
7.03298	-9.62474
-10.3119	-4.08225
10.1625	7.71072
9.37766	-10.5378
-9.99866	2.57482
-0.117417	4.41372
-3.99879	11.3392
-7.56667	0.626453
12.5844	13.8195
-6.49603	-14.5969
-8.25088	-10.309
-13.1462	13.6417
3.0543	-13.0588
6.33499	-0.299962
-13.3595	6.49336
8.13469	5.00573
1.30104	1.35126
12.3058	9.53787
0.636611	3.50314
-13.0297	10.3746
3.91418	2.65416
-1.1804	-6.97012
14.2531	8.45961
-5.15271	5.24176
0.00476017	-3.26281
-2.18468	1.22783
8.28739	2.29152
9.32475	9.986
14.6078	-5.2302
-7.2454	3.90023
-0.628477	11.941
2.93061	4.10135
-5.57011	7.2267
-10.088	11.0076
-3.79907	6.76954
-4.07924	2.13304
-4.27239	13.8064
12.8059	-10.2289
7.37299	1.30978
2.4791	-7.86462
-4.25743	-2.68338
12.491	-5.20531
2.77323	-7.82229
-6.32125	2.84983
-14.8923	13.2647
-7.97137	9.3887
2.98585	-8.51266
2.7546	11.154
-7.32984	-8.47257
-7.15872	-5.84682
1.22903	6.16816
-1.46651	-3.71998
3.0532	-4.32349
-13.4752	-9.62419
3.98966	10.0216
14.3833	-1.49116
8.01121	1.25702
-8.54886	-0.42935
1.54758	-4.87117
-1.60657	-4.36463
3.78819	6.41045
7.44902	9.60509
9.16146	3.68646
7.87837	-13.004
-5.62228	-2.00877
10.2051	-0.918473
-9.9114	-12.3324
2.48083	6.92307
14.8615	2.66703
10.9046	1.33105
-6.26862	-9.01136
-1.46471	4.00587
5.80841	14.2824
-4.23461	6.41525
7.44392	14.9228
1.12928	13.7351
-5.64096	14.5081
-8.97727	-7.30378
-11.3754	14.0389
-9.90658	14.6994
2.52066	3.62813
-4.48906	-9.89266
7.50041	-6.2492
-5.73017	-8.73866
12.2662	-2.3531
-10.9199	-1.6068
-9.33598	-4.66769
0.484607	6.8958
-3.17453	-4.4345
-10.6023	3.42048
9.13187	10.0247
-5.26355	11.9912
-10.098	4.72316
-1.65858	14.4327
3.91308	-5.27244
4.70363	13.9403
2.07341	-6.07953
10.4226	10.9954
-12.5762	9.58191
-14.04	7.38095
-14.2897	9.31275
13.4098	-8.2473
-10.047	-8.2603
-9.55107	-10.0723
11.8494	-14.3719
11.8334	-4.68107
-14.0278	14.1712
9.23075	11.3163
-11.0889	-14.8233
3.86017	12.4293
7.49351	-4.07684
-6.22156	-8.46521
2.12261	9.98773
-9.25742	3.28048
-3.04483	-11.1064
-5.85089	-4.38031
-10.8322	11.9335
-7.14717	-10.4097
-8.35574	-1.69371
2.49612	-14.2968
-12.2304	7.08749
11.9625	-14.7144
-5.81986	6.50227
6.23548	12.2622
12.5208	-4.94238
7.65297	9.53909
12.7201	14.087
-13.1582	-0.595046
1.6334	0.193119
-7.66795	-6.68747
7.70261	-10.5352
8.08504	-11.1322
-8.79188	4.45244
7.76219	12.7305
3.12088	-6.68921
0.738772	-11.9993
9.565	8.8535
-9.99701	3.64309
6.00745	-3.87707
13.925	-9.61716
5.42076	4.00976
-0.807385	-8.24714
-7.16483	-11.3317
-7.93095	3.37821
13.7478	2.43129
0.940905	-5.64029
1.00252	2.81689
10.9691	12.6903
4.16623	-8.13538
-10.9475	10.8761
-13.1964	4.58955
-3.70169	6.81843
-0.719703	14.1602
-14.0297	-11.1832
5.27595	6.9999
12.5836	0.536862
-8.53387	-7.93646
12.2794	-0.051171
-3.95018	-10.7372
-6.68307	-13.916
7.77925	-4.03566
-4.32945	-10.6599
11.0676	2.7324
6.84952	-5.9253
7.52305	-5.25548
12.258	-1.51042
0.737539	9.69515
-12.1535	7.36045
-13.3639	-12.379
-9.12714	-11.44
-3.66913	-3.21227
-3.67696	11.0526
-12.9081	9.63145
12.2689	-7.27928
3.73004	-12.5779
-8.41122	-3.91339
-3.11817	7.5978
6.1943	-1.84431
-1.29692	3.42522
14.0568	-8.13363
-8.51183	-13.8382
-11.734	9.2271
-11.1048	-4.60112
2.39779	10.2831
0.371682	13.0916
-9.58109	9.76705
-5.47302	-14.941
-7.93405	-8.33834
2.37076	1.66223
1.13993	-1.84546
-2.59469	13.2503
2.51892	-6.2102
4.88318	-11.8441
-10.311	-5.16079
14.7197	0.330548
14.0671	-2.28787
12.6157	-13.0383
3.02546	-10.7836
-0.269978	-7.33023
14.0535	6.33628
-6.8087	11.559
-4.32559	13.01
-6.05419	-4.2532
-3.40719	12.134
-6.42469	-1.63132
11.9785	-11.3844
-6.96169	-4.14995
14.5502	11.1656
13.959	10.9565
13.029	-10.4247
9.04915	8.17019
5.17411	3.33856
-3.12086	8.94074
0.285819	-0.485631
4.92715	-9.07382
-4.31324	3.66969
7.55928	6.98651
2.18484	7.51404
3.76925	-14.3194
-12.8127	-14.6314
11.6566	-7.23558
0.482024	-1.61313
10.0379	10.6536
-4.15785	-1.60975
6.80555	6.65184
-5.90368	-5.57338
0.284341	4.89342
-11.4139	-2.43737
-14.4572	2.80718
11.2064	-6.42979
-11.1335	2.30757
6.74439	12.0302
7.84228	-4.07727
5.66087	12.1782
-7.12858	-13.9526
-2.27964	-7.63579
14.1085	-7.338
2.41569	-11.5137
-11.9752	-2.43992
14.6001	14.2473
-10.4833	4.37574
-13.871	13.5897
1.34566	-0.991802
5.14751	-12.822
8.15847	2.02668
-6.20426	3.01543
6.20561	-6.77272
5.16009	-14.4115
-0.656507	11.4394
12.151	-5.97165
9.01901	10.6749
-13.7023	-1.17018
13.2102	-3.79189
1.52287	-6.25986
-4.54992	-9.36003
4.36902	0.737948
-4.90488	1.08439
-9.36334	-0.0603492
0.780964	3.88412
-7.78442	11.4167
8.36927	-7.47659
3.72749	0.85648
-10.9026	-13.7849
13.2197	7.02433
-2.2006	3.1449
2.42107	-13.4704
1.98249	13.557
3.27572	-10.72
-8.65853	-13.6886
2.79045	11.4321
7.76687	-9.29637
0.126012	-10.8532
-14.5706	11.2847
7.34999	4.73745
-7.17982	-6.10196
-2.43626	9.77631
-12.9447	-1.41211
-6.64165	7.22075
1.27752	-2.52225
-4.24578	-3.91008
10.6223	5.30188
-12.1735	-3.46101
-14.5505	10.1404
4.62727	-14.8109
2.36213	0.618007
14.4948	-5.72873
13.0218	-1.48725
14.9604	-11.4084
14.3116	4.15618
-11.7039	-5.39961
12.2109	-2.1354
13.7457	2.49982
-9.07294	-4.19391
-8.63139	-5.78446
-1.01383	-3.50679
11.6896	-14.0109
-7.24284	-4.74583
-0.691879	8.19105
-6.08555	-9.71956
-12.8054	-0.988622
-4.86661	-7.5444
-12.1348	-12.1286
6.90287	-11.8008
1.56891	-14.1468
8.73192	-13.7928
1.5695	2.78021
-13.6845	-14.2944
-11.6952	-8.55216
-4.44288	-2.67307
14.3632	-13.9936
-3.40796	-1.04154
7.38824	-1.48739
-12.1304	-14.057
-3.3897	12.4115
-1.65138	11.3925
9.72981	5.39277
-14.3229	3.07536
1.76933	13.2851
-13.9174	3.21451
-13.9907	-2.74829
3.54279	7.59646
-7.46943	6.35005
-8.2792	-0.455979
8.28782	2.74829
5.79212	10.0126
-2.69804	-4.02042
6.59356	8.75222
-5.2626	-10.3345
0.462816	6.74059
13.2225	5.59298
1.51409	6.56013
-1.11464	10.1641
4.53817	-8.61576
1.91823	1.70992
10.3083	-14.6636
13.3196	5.22953
4.81218	-11.915
9.02724	-7.39403
-5.90513	4.48457
5.84041	13.4218
11.5714	11.1591
11.2496	5.36384
10.7654	7.98802
-8.02295	-9.24428
-10.8301	2.31416
-9.27479	-13.3464
1.17877	-13.8674
-11.8964	8.50517
8.19561	9.72874
1.67393	-1.62778
7.30094	5.66797
-6.8398	-8.3297
4.50839	2.6212
6.30923	-8.83927
7.82511	1.65013
-10.9156	-12.4529
8.46686	4.71057
-3.39264	-7.81904
10.8788	-4.13055
-5.4753	-11.9769
-12.7394	-11.2952
-9.64897	-9.08281
-7.0002	3.69523
9.36773	7.16
10.9188	13.2392
-0.108106	-11.647
12.832	-14.2637
0.251459	0.144429
9.44897	-9.97091
-6.47633	-11.4699
-9.7433	13.5386
-2.9127	10.4063
5.00005	13.0019
-11.0572	9.42165
-9.09019	0.901329
9.09489	6.51844
5.61749	-2.53494
12.0943	0.683966
11.2862	-8.99492
-11.5287	3.16327
-3.25808	-11.4743
-14.9478	7.49617
12.1543	-6.63996
7.9514	14.7258
10.6744	-7.99752
-10.9091	-8.53295
-11.8872	10.4109
1.65951	7.30894
4.4827	-3.7612
11.7723	-0.812702
-0.0610777	5.7049
13.2717	7.65937
-1.70099	-7.7285
6.77429	11.2615
6.68602	12.3767
-4.45495	-9.62294
-5.04548	-5.60474
-13.8365	4.7629
13.4284	7.18582
-9.19568	-2.96276
-1.15007	-6.83815
-13.6911	2.30596
-9.78808	8.63875
-1.97881	3.33099
-11.3779	12.5096
2.02811	0.725077
6.84297	-10.368
7.72798	10.4649
2.43426	-3.18304
0.961499	5.0048
-11.5804	-6.33219
10.4664	6.75015
2.54307	-11.6272
3.17644	-12.1597
-10.8529	4.71161
10.188	14.9217
2.196	-13.1985
10.0025	14.975
-4.68352	10.1247
8.06135	9.1495
2.96607	-3.95809
-12.7967	8.27854
-1.45904	-5.85226
11.1739	-13.2564
-0.526594	-13.0598
-6.5786	-2.78598
-0.0143506	1.14261
-13.5988	10.4024
10.3071	-2.71538
-8.58492	13.5366
-11.3266	5.35375
-12.6732	0.338128
-4.37211	9.8257
-1.28214	-12.9308
-3.1188	-14.7693
7.27164	-2.63496
-12.8456	-9.57391
2.45302	8.38682
-14.8291	5.17021
11.1701	-4.31685
11.8679	14.5837
2.47655	-1.86477
-6.16272	-12.2837
-5.51492	-8.35701
-10.9816	0.130989
-2.97724	-4.96912
-9.49108	-13.4269
-3.53229	14.3741
14.5696	9.61705
-5.19363	-12.4944
-0.556757	8.78742
-2.18193	7.51007
-7.74032	7.36494
12.4538	2.84329
-7.34015	1.59097
10.8272	-5.85938
-10.8377	7.85241
8.85745	10.9243
8.58311	-4.83421
12.979	-3.00904
-6.28796	6.51603
13.329	-8.82046
-6.32255	-1.82704
-4.40662	14.4987
4.58454	6.58211
1.69838	-8.46584
-1.3732	-5.56148
-3.53068	7.8836
-3.06946	7.26936
3.32953	-0.056009
-8.88123	14.0927
-0.0355227	12.8557
6.34255	2.04262
-5.63585	10.3205
-13.308	6.61621
-8.18595	3.15598
6.6873	-1.32375
13.5225	-7.12948
5.66038	-2.46767
-6.08363	-6.25309
-2.79394	-10.7629
7.84036	-1.16425
-4.02435	10.5101
-10.3614	12.8479
-9.11103	-11.323
-2.71669	-1.49577
8.12574	-3.78454
-13.521	11.3013
-7.17787	-2.67849
-13.673	-2.10941
-4.47776	-12.4257
7.52869	9.60495
7.63314	-4.32425
-5.91894	3.83073
0.565906	-0.960942
0.425476	-8.57947
-3.62753	6.81354
-12.4396	-4.00763
-14.9942	-14.9604
2.80822	0.66886
-10.5659	-12.055
12.8449	-6.34011
12.3424	-5.23518
9.20174	10.9955
0.677631	-0.0828995
4.98588	-5.07548
-10.6974	-7.94934
10.6759	14.8048
-12.795	13.2559
-7.12865	-12.0738
-14.3052	-3.10507
13.4299	10.3604
0.249421	-7.32719
-10.6719	-4.32401
-7.46164	11.5285
-4.47658	-0.165684
-1.60177	6.28191
-9.33135	14.2764
2.05899	-8.45445
-12.7138	10.4541
5.6556	13.2509
-9.72055	3.73482
10.6569	4.67945
3.01466	4.26806
-8.01774	5.92917
-8.23078	-0.703633
-12.0932	-7.0693
-8.85023	-1.10461
-0.815384	6.67905
-3.71284	-3.82657
-9.93589	-8.49841
14.9381	1.65944
0.224049	10.2803
3.27818	13.5358
11.0388	-12.4226
-2.59511	14.8692
-12.7718	14.4164
2.53628	1.82624
0.859626	-4.0474
-12.8234	12.31
4.72906	-3.3351
-0.377369	7.93668
-8.31562	13.7112
7.39243	7.27943
5.53956	11.6331
6.14899	9.81743
-3.43415	1.81875
0.46673	6.185
-11.3636	-7.22123
4.66467	11.7927
7.08406	-1.76054
-4.54671	14.1737
-12.2859	0.353755
10.3521	10.7247
-0.0590388	10.4553
12.8744	5.86476
7.46182	-4.93116
1.35939	-5.89367
-1.01746	6.36262
14.282	6.88538
1.14668	8.71633
0.339948	12.4156
7.54512	0.203601
14.3634	10.4105
4.21971	-3.52541
-5.16761	8.73415
-9.62561	-6.22276
-3.44574	10.6706
10.3992	2.1099
12.9363	-1.22425
2.57585	-6.87339
-8.29179	7.38013
-11.1706	-12.8572
-2.99395	-5.32548
-0.972408	-13.6095
12.0026	9.04721
-1.02173	14.2281
-6.6861	-8.72223
-10.592	13.6169
5.51228	-0.743472
0.0476673	2.9995
-14.1339	-14.4358
4.68849	-14.6741
-1.49526	13.2116
-1.26781	-1.45035
-9.74329	12.4836
-2.00032	-0.764895
10.1304	13.6043
14.862	1.33719
-13.5536	10.469
-8.39947	-1.31078
-14.7254	-4.62953
5.38095	-11.7612
-13.5835	0.433995
3.78583	-10.1389
-1.08271	6.98786
-5.28299	-12.759
10.1109	-7.30462
3.81888	11.5906
10.2151	3.73418
13.5161	-3.28285
6.92764	-6.56319
-7.02975	-10.0382
0.812091	-1.36386
-0.623705	-9.01847
-1.87198	-0.053226
-13.977	8.71166
-12.5144	5.35655
-11.0188	-9.65057
13.1129	-9.39507
-8.11846	13.9277
-1.46169	-8.00272
-8.64167	1.12876
8.51119	2.80857
-14.1216	12.3612
14.4804	5.88621
9.47351	13.1198
-8.84496	12.9192
-14.0498	-12.1551
-4.72889	-5.21327
7.28601	5.62013
13.5195	11.2094
14.6362	-12.287
10.3883	-6.26114
13.2567	10.3055
-8.73014	9.27859
-4.17269	-1.12626
-8.43636	5.19251
3.84375	-0.458171
-8.67651	-8.15656
1.47296	14.0367
-14.5817	-0.573987
-12.3025	4.89035
12.4694	-0.59898
-10.6731	-6.27343
8.09455	-11.6706
5.91826	-9.36631
10.1128	-12.6216
-14.3168	9.14561
-9.47667	-11.3864
-11.5925	-7.96382
7.744	13.1063
0.70265	8.55873
-6.43909	-2.80976
-9.22092	-5.58181
0.892611	-0.0987828
0.478598	6.74775
-11.9912	-10.9997
1.24938	-7.84173
-0.0744991	9.95546
-13.8391	7.38355
12.5587	7.10499
-12.5322	-8.4463
14.1007	14.9811
-10.809	-8.97839
14.4769	-7.88448
14.1956	0.725966
0.491106	8.52747
-1.24912	-8.94155
11.7341	-9.22328
5.95982	-6.98289
14.7871	-4.9585
14.548	-2.76199
-0.195327	-12.1646
9.41588	0.913714
-13.1068	-5.55198
7.9192	-8.80288
6.04275	-0.416046
-1.29453	13.6849
-0.386244	-1.43511
-7.87664	9.53866
-12.4456	5.41475
-13.4728	1.81242
-6.71306	1.21621
-3.88657	1.23331
-0.601745	6.7106
5.10822	4.23718
-2.47293	1.57439
-11.842	-14.8523
0.600401	10.1832
6.62345	-10.9471
9.75151	-12.0055
-13.3701	-9.8651
-12.6335	-1.22323
-3.45261	-11.7919
12.6973	-9.12188
2.80564	-11.7836
-2.55755	-0.725285
-6.69967	3.607
-4.10505	-8.84844
7.23772	14.7449
4.25414	-5.24732
14.527	5.76774
-0.555745	11.5272
-1.31027	-14.0301
-2.59704	13.7809
-7.71134	-2.96312
-1.79006	3.32994
-7.6749	11.5294
4.62169	6.2791
-10.6294	-5.5349
8.70354	2.20846
13.129	-7.3672
8.10966	0.86095
0.222863	-5.30354
3.79713	-12.672
-1.05444	-7.15798
8.08033	-8.3446
-8.07429	-1.12079
-14.6954	12.2365
-10.0234	-0.177599
9.40398	-3.36511
-2.33743	-6.13633
-11.4216	1.58092
-5.51156	-10.7197
-5.92602	-3.06465
-8.92906	-11.1165
0.0239919	-10.9562
-7.22577	-8.37555
14.9552	6.32626
-13.9746	-8.39101
0.761546	-5.01701
-8.2096	-2.77983
-7.39661	7.00374
-14.3278	11.422
-11.8366	-12.4966
7.95732	-5.49311
-10.726	-14.1351
-1.36625	-7.03288
-3.34486	4.05445
4.82231	10.4498
-3.54651	0.585741
-14.723	10.3091
12.835	-3.17072
-9.81906	8.26984
-4.86617	2.02169
9.42669	3.02568
-14.2584	0.272712
-2.37687	-9.43307
1.67691	9.85131
-6.07512	9.20628
-3.47305	-12.6229
14.9238	0.0151091
14.386	-4.1338
-9.01304	-11.513
-2.57152	-0.0574339
-1.14752	13.4865
-0.0931672	-11.3483
0.870155	5.85654
-10.9309	-12.8161
5.20811	-10.6043
-11.206	7.04759
8.64688	14.7395
9.23023	11.1988
3.03494	-9.9645
-12.5769	2.21529
9.30712	3.38546
14.4008	7.72838
-7.71965	2.96893
6.05017	-14.2093
-3.49051	10.9194
-7.27624	5.55922
7.01795	-12.8329
-7.82081	-6.05037
13.3446	-7.23597
-2.91752	-2.49179
-12.905	-12.3791
9.84074	-2.29849
-2.90466	-13.1791
-2.24907	7.15403
-6.3941	-6.17541
2.45254	5.39565
11.9802	-2.71679
-5.52195	-7.27552
-2.71687	-9.86875
14.2643	2.81161
-12.0471	-7.29667
-0.506	2.58389
-14.8698	2.99456
-9.65844	9.62266
2.98002	-14.7645
0.218388	3.36707
-11.9412	-3.17746
3.60946	-12.1617
-1.55603	4.02762
3.01873	5.01979
10.0389	11.3583
-12.9119	-2.69474
-12.9899	1.5044
