-7.22795	7.73141
2.54375	4.72459
-6.9998	8.44078
-7.04441	8.28541
1.91565	3.97837
2.26915	3.54055
4.56164	0.23927
-11.1617	6.68835
-11.4348	5.11539
-4.84782	8.84512
4.36267	3.07777
-13.7989	2.8911
-13.3655	4.81719
-7.97953	7.36209
2.66123	5.51815
-12.6541	4.76821
-14.2747	3.4293
-14.0244	-1.46183
-11.4415	6.30083
-11.6574	4.865
-14.5678	0.705672
-7.80734	6.99655
-0.211096	6.49962
-8.07539	7.21559
2.2732	6.10109
1.67984	4.96377
3.48964	4.58469
-0.732314	6.53819
-14.0711	3.84624
3.30377	1.79791
-0.269663	6.02664
-14.3178	-1.49922
2.02965	5.52212
4.55356	-0.26925
3.82018	0.13404
-0.0523911	7.2407
-10.3967	5.63603
-14.5392	1.12329
2.28379	3.79454
5.19425	-1.154
-10.4295	6.17883
-6.63412	7.32661
3.96727	2.78548
2.5394	4.42479
-12.5747	5.59158
5.33168	-0.333579
-8.4921	8.11942
3.33398	1.50367
-11.4226	5.06424
3.18924	3.42125
3.65269	2.15236
-4.36714	6.99207
4.29974	3.75087
-12.6867	3.20754
-6.62612	7.4028
-2.19546	7.50083
-14.3399	-0.919776
-5.75335	7.94308
3.12045	4.29574
4.76703	-1.26575
-7.32633	7.92505
-13.0373	4.98111
-13.7001	2.18288
4.19642	1.94882
-14.6738	2.15091
-5.66735	7.66335
3.29522	2.76071
-1.99114	7.22297
-4.80734	8.18634
-10.5437	6.33068
3.88336	3.47769
-14.2461	-0.229111
3.96351	0.287425
3.99676	-1.17896
-13.1601	2.7568
-2.22832	7.7825
-10.7802	6.69027
3.78385	0.669913
-14.1449	2.39118
2.66279	4.44632
-11.1101	6.26965
-10.6811	7.29831
2.52026	4.66141
-3.6723	7.04953
4.4077	0.945897
-3.0797	7.2364
3.8282	3.24267
-6.92152	7.47854
4.38086	-1.06919
-6.75544	8.50469
-13.5882	4.14791
-13.9673	-0.297385
-0.119309	5.82344
3.03602	2.49045
4.20055	0.859389
4.40132	0.202402
-2.86819	6.83346
-0.845225	8.0304
0.926683	5.5713
-12.6721	5.15835
-15.7894	-1.33754
-1.98094	8.41902
-15.4596	0.502768
3.91511	-0.468665
5.59349	-0.913375
-13.3765	1.45015
-1.40291	7.06433
0.959182	6.6022
-8.40589	6.92387
-12.8899	4.12303
2.95812	4.61939
-1.83522	8.04079
-11.4701	5.41869
-3.38769	7.99923
-15.8021	-0.522247
-0.817081	6.42861
-1.3626	8.26592
-11.2256	5.0461
-14.8948	0.961356
-0.841994	6.31165
-0.567667	6.23097
-13.4563	4.38087
-3.56795	7.48049
-12.1844	5.17703
5.24279	0.0732284
-10.4121	5.85512
-12.3153	4.59311
4.79387	-1.88691
-1.43273	6.85986
-2.03124	6.8483
-8.02792	7.35964
-12.9104	2.5392
-4.92404	7.92376
-12.6358	3.85196
-14.4255	1.02844
-4.33744	8.86989
-15.1238	1.54354
-12.1224	3.66205
-13.4431	4.54575
2.54916	3.60806
-15.314	0.842632
-10.595	6.74317
-6.46532	8.46403
5.06958	-1.5094
2.9227	4.1613
-13.5135	1.84486
1.84811	4.36761
3.89684	0.533464
-14.0181	-1.36174
-11.8235	6.51686
-2.68085	6.86997
-14.5267	0.0766583
-9.92502	7.39843
-13.4738	3.98231
3.88416	3.49261
-6.59443	7.28629
-5.32225	8.41104
4.20918	1.57336
-12.5033	4.0632
-2.74152	8.17887
-14.8731	0.706738
-8.93316	6.37661
2.44234	3.26686
-0.932033	6.22661
3.19912	3.43142
-8.37195	8.04386
0.942397	6.20174
-9.96264	6.53635
-12.3114	3.81249
-9.45716	6.32193
0.154402	7.54595
-8.49448	7.46296
-8.0585	7.98126
-3.93315	7.46552
5.52805	-1.94332
4.47803	3.31774
2.87572	2.6829
-14.0424	-0.652483
4.5665	1.51239
-3.74894	8.72525
-14.0723	3.65326
-9.86101	5.77322
-6.44594	7.37331
4.20474	1.34026
-7.58409	6.98388
-11.935	3.86853
3.66468	4.71377
-11.4383	5.73501
-14.4568	-1.14254
-11.3362	5.73365
-14.4764	2.31784
5.50062	-1.2039
-4.59392	8.9252
1.39429	5.22454
-12.9826	3.21472
4.76493	1.29232
-13.6235	2.48777
-15.0875	1.93762
-10.9159	4.78892
-11.0135	5.02177
-1.52314	6.35964
1.06764	4.88164
-2.43237	8.49674
-11.3631	6.1721
-14.1627	2.88098
-6.98288	7.23345
-0.0130696	7.55375
-6.68591	7.83407
3.25882	4.62912
-14.1188	-0.461928
3.82636	4.15077
-0.865436	6.3224
-10.7907	6.03867
-0.0637039	6.05996
4.42217	2.1437
-12.0895	4.33086
-13.9317	3.21955
3.95857	2.1385
-15.0903	1.0351
-14.2839	0.0369429
-5.61842	8.12042
-5.29391	7.47157
3.82376	0.968235
-13.4915	4.40384
-3.74989	7.58177
0.203066	6.22112
-3.64089	7.16531
-4.29633	8.72108
-13.5199	1.59491
2.79006	3.52369
2.91686	4.11583
1.48165	6.8386
-7.94933	7.68766
2.65031	5.3489
-11.604	5.83988
-13.2091	4.26652
-12.8152	2.63561
-14.6103	2.34579
2.93232	3.73148
2.78791	2.51122
-13.9146	1.20627
-3.63065	8.25169
3.86291	3.32984
-12.7697	3.58131
2.94527	4.3381
-14.5158	-1.09889
-4.16647	8.8513
-11.8211	4.13299
0.767605	7.14539
5.78633	-0.363716
-7.44509	8.57633
2.80157	3.59015
-4.06937	7.39248
4.85436	-1.10202
-4.90454	8.11462
4.57578	2.71305
-1.90594	8.48296
-12.5988	4.19309
-14.3002	1.78246
-14.3437	1.26895
-14.5461	-1.95808
-2.05145	8.0321
-0.914873	6.11078
-0.00920943	6.3086
-9.55173	7.03861
-1.96833	6.58187
5.19399	-1.18715
5.01038	0.512791
-3.93766	8.02303
2.79751	2.75817
0.591945	5.40627
0.200224	6.3069
-3.86253	7.86729
3.71281	2.24648
-14.0301	1.11074
4.70796	0.271068
5.73522	-1.6101
4.37217	2.17503
4.69334	0.188586
-0.952306	7.63555
-2.86487	7.24552
-14.1555	4.09099
-4.39681	7.44989
-6.82264	6.83317
3.93091	-0.304734
3.32898	3.82178
-14.4871	-1.94493
-6.40506	7.45292
0.869637	7.21898
5.03812	-0.900162
3.25433	1.9775
-5.77768	8.69894
-9.35529	6.56936
-12.2959	5.52745
4.63864	1.51327
-8.06845	7.54332
-10.4158	6.72228
-7.2618	7.83632
-13.3946	2.66887
-0.655637	6.42353
1.82522	5.8788
-10.465	6.01546
-14.4805	0.617218
-13.3426	4.30437
2.20433	3.9267
-13.7086	2.48134
-12.5928	5.36834
2.38099	4.86023
-7.9455	8.43606
-3.43707	7.99892
-4.65264	7.79673
0.0142294	6.72437
-11.3265	5.50981
-4.62465	7.97188
-9.22385	8.14489
-1.79261	7.9661
-14.9908	1.73034
-7.19817	7.34001
-14.5624	2.7737
-3.29147	8.00232
-13.7117	1.30138
4.66682	2.1716
-10.0974	6.30509
3.38986	3.57923
3.75231	0.485555
-13.5802	3.21198
-6.50797	8.25875
4.15367	-0.427112
4.72697	-1.10664
-14.2919	0.233765
2.59614	5.88461
3.45759	3.78818
-6.96844	8.80224
4.801	-0.081967
2.90017	3.30891
-14.7762	-0.503201
-5.48872	8.92893
-11.9197	6.34892
-12.2571	4.09607
-4.91657	7.62215
2.20258	6.04823
5.39912	0.065938
-0.0317614	7.32856
-1.91959	7.06691
2.70955	5.6148
0.140213	5.77272
-12.9107	4.13598
4.86487	0.634922
4.04837	2.03543
3.84214	-0.042809
0.627903	6.14617
-13.9308	1.64579
-10.889	6.74706
-14.6782	-1.74364
-11.5589	6.49532
-14.5595	-0.272169
-6.30108	7.82194
-4.22777	8.85054
4.37754	3.13825
4.4792	1.44683
5.06343	0.406734
5.03708	2.47316
-10.4207	5.93843
4.73745	-1.60836
-7.77705	7.80769
-14.3195	0.599366
-12.8621	3.53322
-10.5842	5.21095
-13.8984	0.287961
0.527602	7.51028
-11.6215	5.07691
-1.08944	7.39544
3.15756	3.78265
-11.8275	4.89734
3.87887	0.229443
-15.7363	-1.00711
-14.2273	-0.987403
-11.2008	6.48633
4.07832	0.361307
4.04746	1.75609
2.34119	4.424
-15.0177	-1.57186
3.7097	1.24235
-3.38468	7.63042
4.79899	1.76328
-14.1706	1.60417
-2.15698	6.71247
0.528092	6.98193
-3.18203	8.58735
-2.35475	8.41239
4.55474	-0.334796
-0.980336	7.05996
-14.3367	2.86664
-3.06025	7.06877
-7.56239	7.00075
1.78884	5.31248
2.02647	4.42112
-5.94421	7.83364
5.55346	-1.22396
3.12399	1.91788
-6.28039	7.57793
-12.818	3.02258
-8.2659	6.48494
-11.1782	6.43905
2.83566	3.72714
-14.5043	-1.89788
-0.815695	6.08534
-7.96421	8.44231
5.02563	1.969
-1.58735	7.4252
-13.4525	2.26236
-4.87301	7.05858
-4.30504	7.81228
-11.8901	4.95065
-13.4812	2.50364
-15.7915	-0.0405186
4.54538	-0.233028
-14.8171	-0.480154
-0.388826	6.08097
0.837742	6.45818
-9.62266	7.46886
1.2265	5.86214
-11.211	4.86946
-12.5824	5.95807
5.30653	-1.37901
-14.1548	0.602399
5.00959	0.58352
1.63702	4.82489
-0.119908	7.16554
-8.13637	7.7604
-5.84026	8.06211
-14.3489	-1.45302
-14.8778	1.28507
-11.6196	4.8147
-11.9146	3.77508
4.80852	1.28323
5.84706	-1.93512
-8.38391	6.43872
-7.61034	6.92568
-0.172192	6.29049
-7.64078	7.47902
-5.66215	8.68665
3.96106	0.520103
-1.06887	8.18721
-13.7644	1.44139
-11.1762	5.67489
-15.05	0.70794
-14.434	-0.0581175
-0.168684	6.95155
0.100474	5.65625
-9.63548	6.41971
4.14055	2.83075
-8.32535	7.62655
-12.3575	4.37888
-0.0176011	5.73093
-0.719438	6.77685
-15.5188	0.482619
-2.49952	7.85135
-5.9235	7.83378
-15.6766	-0.114846
-14.7707	1.68535
-9.62189	6.61042
-14.8356	0.640616
2.90936	4.73175
3.2061	3.80299
-5.77088	8.69968
-0.52551	5.96534
-7.3183	7.05382
-5.29458	8.10024
0.824656	6.46405
-13.1808	2.79002
1.76555	6.57303
-0.188205	6.08646
-15.1382	0.0074943
-4.40554	7.51322
2.26353	3.80129
-4.90568	7.36866
-7.39185	7.50739
-6.74352	8.25728
-13.4836	4.9252
-0.982497	8.17996
-13.0765	4.41152
-4.57253	8.51791
-11.5607	5.26354
-9.80908	6.27162
-12.4253	3.32201
-10.9003	5.5235
4.01215	1.71204
-12.2662	6.20127
-11.7841	6.00292
-5.04024	7.92572
-11.6118	5.51492
-13.6309	1.28094
-8.03534	7.8972
-7.47752	8.32353
-9.52672	5.92706
-12.9592	2.66809
-1.539	7.02011
-6.94905	7.63059
-13.9404	-0.569031
-0.440399	-6.19199
12.0328	-4.33712
-3.96551	1.14134
-4.48647	-1.23348
-0.250294	-5.87902
6.14584	-8.6967
12.1537	-4.41341
-1.55898	-5.56373
-0.916124	-5.44116
-5.38462	0.576583
-3.28927	-4.42398
2.54958	-7.86897
1.08203	-6.87736
13.6903	-4.43307
9.07923	-7.98169
-0.383252	-5.59014
-5.21835	-0.629411
13.8967	0.398519
3.88526	-7.21914
-3.79882	-3.26533
13.3485	-3.31282
13.997	1.08474
-4.29224	-0.479254
-3.45094	-2.98275
13.6535	-0.775261
-0.740298	-5.17698
11.4793	-5.52528
0.110817	-6.9811
13.8334	-0.656565
1.86194	-7.49029
5.81482	-7.61262
8.76809	-7.31997
14.4873	-1.96967
15.0814	1.44737
2.56524	-7.74905
-4.62272	1.28387
1.57519	-6.41247
-0.694159	-5.48034
-0.494825	-5.95798
-4.29384	-3.8576
-3.56482	-0.905711
14.0039	-3.17447
13.8396	-0.0374992
14.3099	-0.217527
-2.70692	-4.05103
13.6315	-0.870411
12.342	-5.82602
-2.17788	-3.4953
-2.74919	-5.43293
13.8763	-0.128226
-3.4226	-3.11385
7.66415	-8.55195
6.28744	-8.61915
5.48189	-7.68713
-2.63884	-3.6184
14.1995	-1.157
14.3653	-2.98698
-2.90362	-3.26344
0.805766	-7.35817
12.7039	-4.38569
0.89566	-8.0192
12.5156	-5.71612
14.2746	0.598627
1.72717	-7.72778
13.4033	-4.10861
12.7759	-3.4145
11.365	-6.95069
1.76029	-6.80106
3.68223	-7.35482
1.55435	-7.30973
14.7166	-1.92011
12.3385	-4.70355
13.1565	-3.98215
5.33862	-8.63879
-1.17071	-6.69494
1.32945	-7.35352
15.4207	-0.481228
5.71076	-8.8167
13.2505	-3.79201
-5.09329	-0.630445
8.31622	-7.94236
3.34923	-7.27104
13.886	-3.61318
7.6564	-7.82094
-2.32403	-4.6852
14.4039	-1.0183
-4.23262	-0.549466
-1.60416	-5.87787
-3.76457	-1.83857
-0.508518	-6.05664
12.531	-4.0162
-4.39635	-1.96872
5.57987	-8.53545
-3.76362	-3.45279
14.0398	0.412171
13.4222	-4.84972
15.2929	1.50482
-4.6807	0.0494685
-4.41367	1.12347
14.2769	-1.41588
14.0479	-0.190384
-3.6723	-4.2299
13.9239	-3.74513
14.7559	1.12601
-2.6563	-3.87931
-1.15757	-6.03068
-4.8058	-0.859308
7.18571	-8.10742
3.0435	-8.61814
4.80479	-7.56407
11.5849	-5.14912
10.374	-6.23428
-4.84141	0.457064
12.6555	-3.14204
12.227	-5.90423
-1.82306	-5.00763
14.6737	-0.425921
14.7131	-2.11559
9.76055	-6.8445
13.866	-2.05406
14.2969	-2.09786
13.1082	-2.48058
-1.02724	-6.62207
11.0739	-5.63046
-4.98521	-0.904921
4.81376	-8.76373
8.41318	-7.48052
0.629306	-5.88779
-4.74579	0.763889
12.8624	-5.39744
15.6754	-0.243793
12.9132	-4.27352
-5.18939	-0.442134
7.78001	-7.76247
15.4361	-0.298159
-4.53783	1.3391
12.3694	-4.20877
-2.87542	-4.24774
9.78394	-7.57901
-3.23346	-2.42481
-0.0807911	-6.19479
-1.93781	-4.35736
-3.82374	-3.16648
-4.8033	-2.34614
7.85044	-7.06752
-3.82596	-3.19344
-5.52287	0.824347
15.391	0.0595338
-4.0095	1.05665
9.41096	-7.8541
1.22805	-6.90778
5.08918	-7.81748
6.67235	-7.70763
1.34958	-6.28581
6.98169	-7.31357
13.9556	-1.61877
1.09716	-7.22129
15.3699	-0.122426
13.9344	-1.15324
-4.0784	1.68782
3.86313	-8.41702
-2.57517	-4.9291
1.86872	-8.43016
13.2361	-4.83156
-1.08996	-7.07153
-3.6123	-4.77518
-1.79784	-4.29076
9.24064	-5.98495
-2.98951	-5.05537
-0.646227	-5.14254
13.4437	-1.75862
13.7486	-2.23361
5.94458	-8.22009
0.852361	-7.09136
8.26449	-6.82458
-3.87979	-2.61771
12.622	-5.62412
6.19641	-7.44549
6.26571	-8.04174
-3.92516	-1.01298
9.7178	-6.67122
-4.55049	-1.25009
14.4952	-0.717753
0.386167	-6.57928
-4.38981	1.40698
-3.91588	-0.0792118
-2.70207	-4.19534
5.46049	-8.42648
8.65928	-7.15623
-4.44058	-0.0590564
8.12601	-6.91518
12.2455	-5.48283
2.63884	-8.39396
6.10483	-8.37517
15.0433	-0.639747
14.1435	0.827675
9.49029	-5.81992
11.1761	-6.43456
-4.53986	-2.11471
-2.69808	-4.05336
11.9487	-5.76992
-2.20385	-4.69961
-3.09112	-3.14191
10.6254	-5.68274
12.5987	-5.24077
-2.46541	-3.80507
9.09052	-6.80964
13.8969	-2.0171
1.51598	-8.01049
-0.249247	-6.04264
5.69128	-8.22239
6.20913	-7.08681
8.33052	-7.17298
14.0502	-2.12379
-4.29846	-2.50265
12.012	-3.75057
14.5844	1.11737
-3.94451	-0.114494
-2.03156	-5.05306
3.45966	-8.73284
13.9815	0.0399056
13.1254	-1.98703
13.3632	-3.59186
12.7938	-5.24947
-4.39581	-0.327132
-4.30214	0.946605
-3.81735	-4.05193
-2.27364	-5.48083
0.423084	-7.49139
-5.40923	0.662137
4.43682	-7.21557
-4.22927	1.85362
10.7862	-6.16947
12.0892	-3.96994
13.1038	-4.57773
-5.50919	0.540831
-4.18192	1.93709
-3.73457	-3.1473
13.0079	-2.29658
14.397	1.89796
10.9782	-4.8675
-4.61527	-0.313189
-3.83576	0.0212701
2.87425	-7.20337
8.56003	-6.41956
14.0505	-0.367693
-4.16413	-4.00533
-4.18546	-0.0491974
13.6989	-4.48309
7.06679	-8.14713
14.177	-1.73509
-2.53461	-5.95498
12.3963	-4.62998
2.35757	-7.014
14.0901	0.835116
11.3512	-4.93143
6.93659	-7.45394
-4.14838	-1.16076
3.89538	-7.36252
14.5602	-1.05015
10.7452	-5.26776
-4.07506	-0.258109
15.251	1.37181
9.3364	-6.58569
13.9598	-1.37963
0.111516	-7.14229
3.00189	-7.23047
1.47859	-6.9801
-2.15331	-3.67954
9.71982	-7.57408
-2.41202	-5.04046
14.8097	-2.74253
1.00986	-6.36668
-1.81637	-6.55266
-1.24822	-5.93669
14.0066	0.781157
2.31444	-8.18553
-4.06013	-1.13016
11.9507	-5.85309
10.3041	-5.82482
13.1776	-1.79727
2.27941	-8.50546
-2.22048	-5.39402
14.6479	-0.929963
11.5176	-6.46852
-3.95715	0.628317
10.7113	-6.12088
0.276393	-6.94889
1.35711	-7.09849
-4.88673	-1.30636
6.94281	-8.02349
13.6241	-2.93776
10.2098	-5.76144
7.78681	-8.01483
-4.0623	-0.873088
15.105	1.01236
-4.24367	-0.693567
0.358257	-6.96005
10.5523	-6.34228
1.88726	-8.43312
1.78246	-6.92317
13.1068	-3.52116
14.7947	0.969188
-5.42901	0.407972
4.46289	-7.48739
6.53176	-7.29033
1.19049	-7.34635
-2.08979	-5.98836
14.0495	1.88699
-2.09266	-5.69134
11.8599	-5.50327
-4.40934	-2.06252
14.4063	1.75361
-1.36766	-6.91827
12.9088	-3.02279
-3.98013	-4.0684
13.1354	-2.96715
10.3494	-5.71593
14.3228	0.800588
-3.57452	-1.48121
-3.90659	-0.632645
12.8694	-4.87333
-2.22407	-4.21898
2.33031	-8.54172
-4.55771	-2.85585
-0.785204	-6.32557
13.621	-2.57895
2.59301	-6.88632
-3.93896	-2.92406
-3.2457	-2.71302
8.54662	-6.671
15.5733	0.822581
14.6831	0.945808
1.90168	-8.20828
12.1497	-5.00023
5.85331	-8.7996
-3.00211	-2.76163
14.5529	1.46027
8.75125	-6.46239
11.0603	-6.15605
12.0806	-3.74973
12.2144	-4.42658
-2.46099	-5.04028
12.9062	-4.12375
5.72691	-7.52404
12.4905	-4.3654
-0.305402	-6.66534
1.12898	-8.05394
4.28675	-7.83127
10.8792	-6.76813
7.68831	-7.6001
5.41179	-7.89599
14.5669	-1.02444
-1.29482	-5.59758
14.6447	-1.66125
6.30262	-8.76185
13.7464	-3.7119
-4.69238	-2.64364
9.70112	-7.36051
12.38	-4.40516
10.4697	-7.32098
-0.94033	-6.37965
13.3798	-2.58786
6.9119	-6.81337
15.4434	1.12968
-2.91585	-4.86423
13.8842	0.540825
-3.37681	-3.77218
12.6202	-2.92088
1.14987	-7.3745
10.2198	-7.65989
11.959	-5.7236
14.5254	-1.79914
13.8763	-4.16236
-0.507327	-6.74076
8.67215	-7.0987
10.5177	-5.7877
-4.44935	-3.1867
13.3264	-1.93053
7.29114	-7.32975
11.16	-5.64908
7.05124	-7.48041
-3.58106	-1.17707
8.21755	-6.88177
8.78592	-6.25635
1.18855	-8.06136
-4.5019	0.405967
14.0934	0.902852
-5.55713	0.972567
-5.19867	-2.05873
14.4769	-3.29314
10.5731	-6.90661
2.63229	-7.29734
14.841	-2.76316
-5.27338	1.9117
14.8643	1.49444
14.7872	-1.50743
10.6321	-5.48574
-4.28821	-3.31897
-2.65643	-4.02664
0.495794	-6.01108
6.77402	-7.72665
-1.55021	-4.36159
2.1922	-7.3085
-5.66186	0.109796
-1.44926	-5.99252
-1.65356	-5.31621
8.28184	-8.41872
15.114	1.01022
4.52494	-8.01102
13.919	-2.60248
14.5776	-2.95022
5.11571	-7.77024
10.467	-6.26413
4.42403	-8.39809
7.42716	-7.10124
-3.00278	-4.4645
-4.82577	-0.0031939
5.39068	-8.68945
11.9809	-3.70526
3.0605	-7.984
13.2339	-2.5257
-4.92519	-0.29693
6.98882	-7.51937
-1.20287	-6.20462
-0.235222	-7.25813
-2.11756	-3.8126
2.80435	-8.13939
11.9794	-5.27838
14.3859	-2.97234
7.46912	-8.17226
-0.47952	-6.28323
15.1033	-0.829598
14.4835	-0.330132
9.48004	-6.53451
15.0856	-0.604069
11.0149	-5.97425
-5.08927	-0.124249
-4.07334	-2.97519
12.6904	-5.71502
-4.88917	0.955014
14.7827	1.53357
-1.59313	-5.59764
11.2647	-5.78169
15.4879	1.09115
5.26776	-8.96196
-3.9043	-3.57449
4.25356	-7.67492
2.84138	-8.00542
14.4853	-1.36202
-4.86615	-0.161543
-1.22794	-4.64332
9.26007	-7.61459
9.7822	-5.8075
12.9264	-2.75031
-3.95078	-0.00333515
4.18212	-6.99166
-4.77487	-2.06815
-1.85934	-4.81728
8.62516	-6.33922
6.11893	-7.26801
10.2489	-7.4652
-3.97987	-3.92252
-4.87022	-2.12648
-5.06223	-1.60209
-1.13417	-6.19825
7.44337	-7.37128
13.0577	-2.4829
10.9058	-6.29754
3.20788	-8.20197
0.203192	-6.40096
1.22065	-6.41424
12.5677	-4.39458
4.92881	-7.90388
13.9463	-3.60703
2.69922	-7.94237
2.94276	-7.19213
12.3529	-5.79888
12.9323	-3.84661
9.82958	-6.95896
14.6254	-2.34473
-1.23047	-5.10973
-3.59355	-4.42785
-2.06531	-5.08124
13.9327	-2.95143
7.89167	-7.08491
-2.81311	-2.99164
-5.08661	-0.992916
9.88928	-6.32569
6.56943	-8.31146
1.3759	-7.97059
12.4353	-4.25024
11.6677	-5.28071
-2.7108	-5.79105
0.293647	-6.08683
13.5698	-3.90653
13.21	-4.77811
-4.27858	-2.72959
14.7546	0.470511
-3.776	-4.09447


1.84558	-8.89886
14.4821	12.1203
5.4884	-13.8018
9.23445	-12.1961
-2.96825	-9.15046
8.13453	9.95366
-5.36548	7.33743
-5.44528	-4.08492
-4.94089	0.914242
5.93034	-12.1627
-0.664536	-11.2103
13.3398	6.63202
7.9174	-4.76458
4.60001	9.87818
7.47954	-1.03943
10.1529	3.83832
-10.3329	11.893
3.16291	-7.44326
-13.3252	-5.34752
14.5932	-1.14486
12.4283	10.3108
-9.98061	-2.99402
-5.49583	9.11687
-9.8738	4.62472
-6.22446	4.81869
1.91416	0.698729
9.60461	-0.1744
-5.79268	1.61063
-4.91727	-2.48433
-0.728369	-14.0103
-13.3603	-2.3206
-8.85255	-14.993
11.4236	-2.74652
9.72919	-10.419
6.92863	-12.2958
3.83968	-11.6337
-3.56199	10.0338
-8.65355	0.156508
-10.6073	0.910421
5.89937	-8.07779
-7.30327	10.9798
-7.12781	-10.088
-13.7836	8.9639
-6.61626	-10.865
-6.41577	0.563006
5.07537	12.1377
13.4944	-13.3306
10.8947	6.08541
-10.1013	-2.74643
10.6034	-6.79453
-11.3871	-0.621692
0.742519	-13.7442
12.1339	-7.2951
0.0257868	-9.27535
-3.60026	14.5519
3.31551	12.0267
7.98483	-9.84817
2.53277	-4.05121
0.542295	0.494777
-5.49276	-2.63465
-1.37411	10.5496
11.4832	-7.25504
-6.95932	10.2721
-13.5926	-9.40414
-11.0318	-8.35064
11.0588	7.60515
0.129064	3.12583
-8.22193	-9.00576
5.3227	-11.7219
-9.17066	0.688904
-12.6171	10.9202
-8.22525	-6.26798
3.01463	-4.5388
0.783456	2.99465
-6.342	11.4364
10.2579	-4.68095
-4.07141	11.8896
-9.87108	1.92427
-3.29891	10.0957
2.78705	-9.20353
-10.6725	7.68771
1.31483	-8.56017
7.90209	-7.63254
2.22191	6.38583
-2.60299	-2.16082
-5.54105	13.5901
-12.4221	0.942507
-2.87608	-9.46377
-2.32766	12.5034
-8.72133	0.953049
-9.80843	13.9574
-4.46922	10.6268
-12.3879	3.49097
3.50924	7.37543
-13.0446	-2.53159
-2.51985	-1.57354
9.00789	-4.66003
-8.76253	12.8538
-4.63084	7.03596
-4.31086	1.13602
5.46506	4.8806
4.47974	10.6146
-12.6526	-6.2382
11.8942	-0.360378
-4.30902	8.525
-12.6736	9.60423
6.29491	-10.2648
3.08326	-13.7906
-14.8218	-5.20842
9.47676	8.67763
-9.82107	0.65439
12.4663	-8.50724
-5.14312	10.9624
-14.4539	-4.43605
-8.232	-9.64609
-8.90354	-13.6346
1.15561	-2.97218
-10.3005	14.273
-4.60071	-12.5659
7.76474	-1.06414
-8.33325	9.03626
11.263	-14.7038
-4.1884	-8.88141
-10.4788	-11.5622
-11.9483	0.805898
1.63494	12.8545
-10.6839	-0.933662
-12.8406	13.0781
10.2541	0.799609
11.4146	-5.75124
11.3898	-14.8722
14.5319	10.2168
-9.6013	7.11647
-6.01309	-0.969031
7.78263	13.1348
2.64906	7.65258
-13.932	-6.67999
-4.49783	-13.6509
-0.570913	-3.27073
14.5586	14.5507
-11.6379	-8.82882
-0.305329	-14.2135
9.06041	-9.55781
9.42764	-2.72173
7.80908	-11.1643
-7.61537	9.08418
0.00518182	-1.21488
-2.83622	3.43348
-6.86607	-8.92362
10.073	7.01556
-3.05509	8.43299
5.72698	14.2999
12.4	-12.8389
-9.60579	-2.96769
14.2669	-12.7377
12.8744	-1.77382
-14.2463	6.20815
-10.5049	12.1152
2.64425	7.966
9.80987	12.8424
-7.01732	8.4574
1.05512	-6.0034
-2.69052	12.6169
-2.50204	0.92387
8.12257	-10.9847
-9.20459	-2.00915
-5.48338	2.30858
-9.23436	2.72169
14.534	-12.1295
14.9198	7.75057
5.13358	10.3339
6.0499	8.37678
9.83183	-3.37136
-12.6141	-13.155
2.11689	-0.514904
-0.287688	-2.46431
-9.34181	-11.9918
-9.63852	-12.9069
7.64851	-5.49443
4.50894	-1.08059
11.3313	6.87155
3.33004	-9.13146
-10.8983	10.8865
0.608443	-8.5045
2.36762	14.0703
-4.07125	-10.8503
4.85257	2.20404
-4.74684	-10.9781
4.45234	-3.04597
-8.34505	8.96424
4.73854	-13.0321
13.4381	-2.54032
-12.3661	0.699891
0.945519	-7.19222
-1.38487	-1.57054
10.1044	-4.36442
7.93983	-5.4939
5.64708	13.7673
14.3719	-11.2426
6.21862	-1.07341
4.13308	-8.62642
-2.49861	4.30993
-7.03516	8.72423
13.7069	-1.4196
-6.18594	-10.9221
-7.56122	-3.2349
-4.18129	-5.98117
-1.68585	-7.69882
-6.6239	-2.71255
-13.6161	-2.50214
-11.0587	8.30558
14.1421	-4.92566
9.26788	11.9269
2.82161	4.10609
14.0536	-11.3878
-9.29403	-2.38704
4.78116	13.3139
5.38914	0.330984
-4.74039	-6.89083
-0.303463	-0.9061
6.00404	5.51306
8.23461	8.63381
-8.8464	-13.2609
-5.97066	2.98828
3.53514	6.18709
9.2418	10.3692
-8.19225	-12.619
3.83782	7.84656
4.31243	3.48587
14.3144	6.75818
4.5664	-5.58701
0.329127	-13.3661
3.22245	1.40593
-6.1228	7.42596
3.07064	4.71399
-3.60636	-14.1933
8.42733	-8.05961
5.8112	2.76172
-6.15216	-3.67083
7.69442	-14.4723
-3.45312	14.2135
5.91693	4.35371
-9.66804	6.73268
13.5049	-2.9569
2.2807	-10.4081
-2.29193	-5.59099
14.2331	-14.137
-1.59876	7.43559
12.0649	4.49544
11.131	14.9719
14.3672	-11.2044
13.9718	4.93561
-13.5226	-7.83803
13.9107	9.94886
6.88323	-12.4942
8.48619	-14.1984
-6.84809	-6.4764
-11.1525	-4.42999
-4.23192	-6.05489
-12.8682	-10.2637
-6.4822	10.7645
-6.91376	7.37328
3.95558	-0.564943
5.95113	14.9674
-13.3292	-11.0462
-12.2573	11.0301
-4.66123	-11.2459
7.44229	10.4128
6.59518	7.58616
8.33697	-5.29568
-6.4095	-7.03791
2.09624	-8.23472
-4.8924	-8.03563
-9.49602	7.56554
13.1112	-7.19499
4.01529	0.799519
-6.60061	-7.10879
0.0697124	-7.39052
8.60552	-0.346103
-0.586009	14.783
-0.15202	13.0264
12.217	-13.8055
6.05472	-13.372
3.14103	0.803682
13.9192	13.9442
-10.9103	7.93553
6.75675	-5.40743
4.20101	1.09452
5.73784	8.69829
0.990827	-8.67239
3.43339	-2.82069
4.40474	-1.46429
-11.3363	-14.0629
11.843	-1.86611
-13.1022	-10.4339
12.368	7.85976
0.103821	-13.0072
8.27857	0.637135
14.8763	-4.11233
-11.3806	-2.54746
-5.84172	3.40316
-3.83686	8.75265
7.24496	-13.625
-2.28166	6.88752
3.78171	5.88305
10.4118	6.81392
-8.04888	-7.4768
-8.07476	12.5327
7.92044	3.27031
13.1174	7.9736
-6.08355	-0.169855
8.18935	5.02079
-4.7025	-1.58563
5.54225	7.40172
5.94098	-14.1285
-10.7777	-1.30733
8.7965	2.22574
5.70485	13.7004
1.43435	-13.9997
1.84938	7.76554
-14.1108	2.93025
12.8099	2.78724
8.37929	-2.45505
-14.6498	4.4743
-8.46993	9.48553
-5.73522	-12.8843
9.74672	7.84105
12.2947	1.16541
-4.20069	-12.3799
7.311	5.27905
-8.95224	13.6787
13.8565	-12.679
2.27586	9.8762
-14.4348	3.38617
9.43588	9.293
8.40536	7.71028
4.66329	-12.9917
-0.000273668	-3.14767
-6.80278	7.21498
-3.61113	5.97058
-3.21062	-4.99455
13.1419	7.48922
2.81964	5.89144
6.4286	13.9785
-13.3654	-8.13866
12.645	0.805504
1.66882	5.81726
5.94329	8.90356
-10.9239	-5.06495
0.891143	3.59688
14.2077	-2.43693
-8.78408	6.37356
-12.7468	-4.13476
-5.87403	4.4626
2.63867	7.31189
-4.57826	8.77473
7.15536	-6.80339
2.34094	11.394
-14.8537	-10.3508
1.24969	-13.2235
9.25469	-5.56138
4.32685	-8.2557
3.81535	6.81985
4.48332	-8.01871
14.8044	2.04249
9.63345	-14.2888
10.9503	-3.05674
14.8546	9.126
-8.93644	-1.33562
-6.98131	14.6726
14.8911	1.77747
-10.3647	8.05037
-12.1314	12.067
-6.4508	0.563828
-2.48116	-1.05434
3.8022	-7.67292
-2.0442	-4.30971
-8.95358	-7.0551
-2.17294	13.1758
11.3697	5.00975
2.73701	-9.8163
-9.26715	3.34396
-7.26127	8.25089
-1.06995	-10.025
-9.75814	11.7534
2.32151	-9.41267
10.5593	11.3799
2.7162	-1.04289
-0.322093	3.68563
14.4632	13.2072
-14.5246	11.6709
-2.2655	3.23447
-0.319343	9.69981
11.5388	7.77665
-0.0369091	-4.5606
14.3723	-11.9909
-3.50062	-7.81296
2.35665	-11.2775
-11.0566	-0.117297
13.9514	-1.51847
8.42492	0.135378
0.0379828	-3.86362
13.5829	3.93055
9.03289	0.767245
6.74908	0.0754021
1.98036	4.41542
-3.13068	-8.46566
6.21843	-0.82158
-2.92985	-5.37675
-13.0749	-0.72931
3.75167	0.0605913
-0.762441	5.83848
10.7026	-8.91849
-2.25468	-6.78659
9.02141	-7.94395
-14.7579	-0.925292
8.66749	2.73547
3.26209	-11.4413
-12.7725	-4.03684
1.21378	-14.8888
13.5711	12.2153
2.41023	-11.4114
-6.31597	10.8864
12.7938	10.7049
5.23674	7.93717
-3.70507	9.74305
10.7671	9.63064
13.749	-6.42202
10.9534	-11.225
14.6129	-5.33674
1.62235	-1.66462
6.11805	11.7407
-3.746	-0.867207
-8.82812	-0.202586
14.0456	-9.96699
12.8654	8.44394
-6.99183	8.08379
-12.6394	-3.98788
-6.63403	-12.0245
-0.744133	8.40417
-10.1071	-1.63256
3.4839	11.769
-0.438709	9.42166
-9.43358	-13.4302
-12.4853	-0.833525
13.4463	-10.2862
0.961411	-1.32929
-0.9611	-1.7752
-5.93618	5.04026
-6.86171	-10.4636
-13.8278	-12.3561
0.238086	1.76358
-0.82859	-13.7555
11.6257	9.27146
3.60195	13.81
1.09313	-6.62376
-11.0191	7.56801
3.94836	-3.18374
-2.30084	4.03664
2.49893	3.19387
1.06428	-1.79456
-12.7041	0.245881
13.8869	-10.5574
3.01183	-9.84722
12.797	-13.1242
14.5817	11.3433
14.2748	-14.2053
4.61172	-3.13225
6.10185	-11.2801
-1.33613	-14.15
7.93424	-10.9535
-14.6855	-7.52357
1.52682	10.9335
1.55863	-0.551652
-7.52147	-6.7267
13.2659	-4.66329
13.8842	-12.4608
-3.26133	-4.21869
3.5953	-0.449254
-8.04282	-11.8944
9.24789	-9.89132
14.3168	6.54485
7.49395	13.2005
5.90021	-12.6559
-1.20547	7.20697
-5.64105	7.1276
6.80403	-13.4957
2.20051	-13.5898
-12.6042	-12.1706
6.329	-11.7104
-6.69377	-9.65329
-0.137489	-3.30902
7.7776	-5.00311
-9.15588	11.6953
2.48821	-8.64336
5.38419	-8.55857
-8.29916	-13.551
-11.8173	-5.09821
7.6952	1.75043
0.199088	2.67408
-14.4058	0.593473
-4.09563	-6.42719
-8.24116	-12.1051
-14.6602	-3.06727
1.36801	4.02622
10.8236	-13.4412
-14.4392	7.31289
-7.34171	1.93324
8.34083	-4.25772
-8.4172	3.33008
-3.76917	-1.35008
-11.8503	2.07797
0.916501	10.1375
-0.524821	11.7313
5.67611	11.8428
-13.8669	-4.07892
-3.38281	6.05334
-10.5119	-1.87642
-10.213	9.37677
10.8433	6.0538
-11.2715	-10.8449
-0.76473	-2.75984
7.18161	-12.6468
-13.6001	6.48914
9.93205	-11.0779
14.4868	4.67959
-4.37737	-8.85358
13.1068	14.2752
-9.51954	-1.48238
2.42	-2.43441
-11.0026	3.27846
-14.6265	-0.616707
-9.92621	-12.428
-7.80277	12.3444
13.0861	2.21099
-4.8248	13.9335
-12.2696	-4.49436
9.47174	5.61043
9.79868	2.28344
-3.73705	-9.97831
8.50293	11.6267
10.1378	-3.59388
0.952692	6.82423
9.68172	4.69525
3.13659	-9.96904
3.60947	-5.43048
8.46612	-13.691
-9.21726	7.99966
-7.32174	3.00461
14.4864	-5.393
7.87162	4.66717
-1.28593	-0.214934
-1.11845	-9.80693
3.01891	1.88808
-14.765	-14.0563
-8.60709	-9.80188
6.97097	-1.937
-12.1876	12.8271
9.86407	-8.95726
-14.1904	2.99202
-10.7566	11.1668
14.4659	-3.69101
11.6637	-5.74827
-14.0608	-12.0638
6.18639	-11.4632
12.2961	-7.93593
7.72974	-2.79832
-11.3175	7.48929
-14.1661	-11.6829
-9.49878	-2.45858
-3.46832	12.1019
-6.41386	-11.7446
-5.72954	-12.6703
12.2452	-7.04106
-7.47947	-2.23752
-2.66118	-12.8416
2.69996	4.69063
-5.64975	2.52834
1.34661	-4.72134
-1.65858	14.4413
8.16273	-4.85014
-0.448365	-12.581
12.8614	3.97135
5.69859	-13.7145
-8.37753	-9.40148
9.68152	11.0929
-3.49821	3.0235
-6.74205	-2.4628
12.2699	14.7538
-7.92583	-0.843875
-7.58144	14.6621
-5.26171	-0.43823
4.44431	6.59018
10.8669	10.7721
-2.4789	-14.7768
0.582198	-3.97562
6.574	-2.27762
12.48	14.8693
6.90844	-5.77923
8.44393	-0.581196
13.4038	-7.35512
-8.578	-13.4958
-3.69416	-14.8174
13.082	3.40211
-10.3045	4.40713
2.85388	14.871
8.63808	-8.09087
14.4799	0.879573
-5.14628	-12.4643
-11.9482	-10.5683
-8.12806	-2.21678
6.16811	-13.2099
12.598	-3.8686
-1.22019	-1.2072
-3.97287	-13.4955
2.29702	0.817974
1.84215	-4.4815
-12.7511	-13.2915
14.9066	-5.05642
-11.7667	-9.13286
-12.2276	-4.87951
13.603	6.83056
12.8127	-0.95824
-8.37545	-10.5141
14.5547	-10.0992
-5.05432	-0.216893
9.88222	-14.4387
-1.91466	9.33094
-9.79832	0.487454
-9.32614	-8.52085
1.45095	-2.20893
2.84123	-4.02453
7.43825	14.8847
-11.5213	-4.5209
-11.7218	2.81065
10.1634	-5.49463
8.9796	-1.96726
14.7067	-7.84534
-11.5789	-3.98044
-14.4357	2.61647
9.0478	-4.58437
-3.39835	-9.64764
12.4476	-1.69121
-13.566	7.49183
-5.61815	-3.30311
-5.31094	3.54038
6.78909	-13.4427
-6.14178	-9.98629
6.86807	0.589151
-8.06986	-8.38228
-0.476231	-1.35997
7.30378	-11.9001
2.41564	-5.09743
-4.95297	8.81004
-7.70216	-14.58
1.88202	3.39137
-4.33018	9.08504
-1.70177	6.14964
4.42053	6.8652
6.35327	13.8048
1.49475	4.28696
-12.5134	3.18138
8.36024	-2.90055
-12.954	3.31112
3.46047	10.4447
8.53502	13.6756
5.41455	12.9978
12.7586	-4.82752
5.85389	-8.46448
8.39065	-7.28503
3.40831	9.69881
-2.67037	12.6494
-1.48441	-4.12832
-1.24054	5.08289
-0.174797	-8.24826
6.50815	0.486439
-12.5419	-0.394944
-8.40913	-4.08035
-4.70544	13.0902
-4.68468	-6.83382
-2.90193	-11.2671
8.27374	1.94778
-2.34443	14.6284
5.86507	8.68424
12.2832	-1.74065
-11.0284	-5.93601
-10.3874	-0.637352
-12.1806	-4.97174
6.94072	10.3273
12.7663	10.9468
11.4783	6.65213
0.268821	-8.30517
-9.0324	-5.07778
-4.37261	2.8332
10.2729	-6.52914
9.09561	-13.0248
-9.0163	-7.82343
3.21228	13.2293
5.50016	3.44485
0.806523	-3.35828
