-7.22795	7.73141
2.54375	4.72459
-6.9998	8.44078
-7.04441	8.28541
1.91565	3.97837
2.26915	3.54055
4.56164	0.23927
-11.1617	6.68835
-11.4348	5.11539
-4.84782	8.84512
4.36267	3.07777
-13.7989	2.8911
-13.3655	4.81719
-7.97953	7.36209
2.66123	5.51815
-12.6541	4.76821
-14.2747	3.4293
-14.0244	-1.46183
-11.4415	6.30083
-11.6574	4.865
-14.5678	0.705672
-7.80734	6.99655
-0.211096	6.49962
-8.07539	7.21559
2.2732	6.10109
1.67984	4.96377
3.48964	4.58469
-0.732314	6.53819
-14.0711	3.84624
3.30377	1.79791
-0.269663	6.02664
-14.3178	-1.49922
2.02965	5.52212
4.55356	-0.26925
3.82018	0.13404
-0.0523911	7.2407
-10.3967	5.63603
-14.5392	1.12329
2.28379	3.79454
5.19425	-1.154
-10.4295	6.17883
-6.63412	7.32661
3.96727	2.78548
2.5394	4.42479
-12.5747	5.59158
5.33168	-0.333579
-8.4921	8.11942
3.33398	1.50367
-11.4226	5.06424
3.18924	3.42125
3.65269	2.15236
-4.36714	6.99207
4.29974	3.75087
-12.6867	3.20754
-6.62612	7.4028
-2.19546	7.50083
-14.3399	-0.919776
-5.75335	7.94308
3.12045	4.29574
4.76703	-1.26575
-7.32633	7.92505
-13.0373	4.98111
-13.7001	2.18288
4.19642	1.94882
-14.6738	2.15091
-5.66735	7.66335
3.29522	2.76071
-1.99114	7.22297
-4.80734	8.18634
-10.5437	6.33068
3.88336	3.47769
-14.2461	-0.229111
3.96351	0.287425
3.99676	-1.17896
-13.1601	2.7568
-2.22832	7.7825
-10.7802	6.69027
3.78385	0.669913
-14.1449	2.39118
2.66279	4.44632
-11.1101	6.26965
-10.6811	7.29831
2.52026	4.66141
-3.6723	7.04953
4.4077	0.945897
-3.0797	7.2364
3.8282	3.24267
-6.92152	7.47854
4.38086	-1.06919
-6.75544	8.50469
-13.5882	4.14791
-13.9673	-0.297385
-0.119309	5.82344
3.03602	2.49045
4.20055	0.859389
4.40132	0.202402
-2.86819	6.83346
-0.845225	8.0304
0.926683	5.5713
-12.6721	5.15835
-15.7894	-1.33754
-1.98094	8.41902
-15.4596	0.502768
3.91511	-0.468665
5.59349	-0.913375
-13.3765	1.45015
-1.40291	7.06433
0.959182	6.6022
-8.40589	6.92387
-12.8899	4.12303
2.95812	4.61939
-1.83522	8.04079
-11.4701	5.41869
-3.38769	7.99923
-15.8021	-0.522247
-0.817081	6.42861
-1.3626	8.26592
-11.2256	5.0461
-14.8948	0.961356
-0.841994	6.31165
-0.567667	6.23097
-13.4563	4.38087
-3.56795	7.48049
-12.1844	5.17703
5.24279	0.0732284
-10.4121	5.85512
-12.3153	4.59311
4.79387	-1.88691
-1.43273	6.85986
-2.03124	6.8483
-8.02792	7.35964
-12.9104	2.5392
-4.92404	7.92376
-12.6358	3.85196
-14.4255	1.02844
-4.33744	8.86989
-15.1238	1.54354
-12.1224	3.66205
-13.4431	4.54575
2.54916	3.60806
-15.314	0.842632
-10.595	6.74317
-6.46532	8.46403
5.06958	-1.5094
2.9227	4.1613
-13.5135	1.84486
1.84811	4.36761
3.89684	0.533464
-14.0181	-1.36174
-11.8235	6.51686
-2.68085	6.86997
-14.5267	0.0766583
-9.92502	7.39843
-13.4738	3.98231
3.88416	3.49261
-6.59443	7.28629
-5.32225	8.41104
4.20918	1.57336
-12.5033	4.0632
-2.74152	8.17887
-14.8731	0.706738
-8.93316	6.37661
2.44234	3.26686
-0.932033	6.22661
3.19912	3.43142
-8.37195	8.04386
0.942397	6.20174
-9.96264	6.53635
-12.3114	3.81249
-9.45716	6.32193
0.154402	7.54595
-8.49448	7.46296
-8.0585	7.98126
-3.93315	7.46552
5.52805	-1.94332
4.47803	3.31774
2.87572	2.6829
-14.0424	-0.652483
4.5665	1.51239
-3.74894	8.72525
-14.0723	3.65326
-9.86101	5.77322
-6.44594	7.37331
4.20474	1.34026
-7.58409	6.98388
-11.935	3.86853
3.66468	4.71377
-11.4383	5.73501
-14.4568	-1.14254
-11.3362	5.73365
-14.4764	2.31784
5.50062	-1.2039
-4.59392	8.9252
1.39429	5.22454
-12.9826	3.21472
4.76493	1.29232
-13.6235	2.48777
-15.0875	1.93762
-10.9159	4.78892
-11.0135	5.02177
-1.52314	6.35964
1.06764	4.88164
-2.43237	8.49674
-11.3631	6.1721
-14.1627	2.88098
-6.98288	7.23345
-0.0130696	7.55375
-6.68591	7.83407
3.25882	4.62912
-14.1188	-0.461928
3.82636	4.15077
-0.865436	6.3224
-10.7907	6.03867
-0.0637039	6.05996
4.42217	2.1437
-12.0895	4.33086
-13.9317	3.21955
3.95857	2.1385
-15.0903	1.0351
-14.2839	0.0369429
-5.61842	8.12042
-5.29391	7.47157
3.82376	0.968235
-13.4915	4.40384
-3.74989	7.58177
0.203066	6.22112
-3.64089	7.16531
-4.29633	8.72108
-13.5199	1.59491
2.79006	3.52369
2.91686	4.11583
1.48165	6.8386
-7.94933	7.68766
2.65031	5.3489
-11.604	5.83988
-13.2091	4.26652
-12.8152	2.63561
-14.6103	2.34579
2.93232	3.73148
2.78791	2.51122
-13.9146	1.20627
-3.63065	8.25169
3.86291	3.32984
-12.7697	3.58131
2.94527	4.3381
-14.5158	-1.09889
-4.16647	8.8513
-11.8211	4.13299
0.767605	7.14539
5.78633	-0.363716
-7.44509	8.57633
2.80157	3.59015
-4.06937	7.39248
4.85436	-1.10202
-4.90454	8.11462
4.57578	2.71305
-1.90594	8.48296
-12.5988	4.19309
-14.3002	1.78246
-14.3437	1.26895
-14.5461	-1.95808
-2.05145	8.0321
-0.914873	6.11078
-0.00920943	6.3086
-9.55173	7.03861
-1.96833	6.58187
5.19399	-1.18715
5.01038	0.512791
-3.93766	8.02303
2.79751	2.75817
0.591945	5.40627
0.200224	6.3069
-3.86253	7.86729
3.71281	2.24648
-14.0301	1.11074
4.70796	0.271068
5.73522	-1.6101
4.37217	2.17503
4.69334	0.188586
-0.952306	7.63555
-2.86487	7.24552
-14.1555	4.09099
-4.39681	7.44989
-6.82264	6.83317
3.93091	-0.304734
3.32898	3.82178
-14.4871	-1.94493
-6.40506	7.45292
0.869637	7.21898
5.03812	-0.900162
3.25433	1.9775
-5.77768	8.69894
-9.35529	6.56936
-12.2959	5.52745
4.63864	1.51327
-8.06845	7.54332
-10.4158	6.72228
-7.2618	7.83632
-13.3946	2.66887
-0.655637	6.42353
1.82522	5.8788
-10.465	6.01546
-14.4805	0.617218
-13.3426	4.30437
2.20433	3.9267
-13.7086	2.48134
-12.5928	5.36834
2.38099	4.86023
-7.9455	8.43606
-3.43707	7.99892
-4.65264	7.79673
0.0142294	6.72437
-11.3265	5.50981
-4.62465	7.97188
-9.22385	8.14489
-1.79261	7.9661
-14.9908	1.73034
-7.19817	7.34001
-14.5624	2.7737
-3.29147	8.00232
-13.7117	1.30138
4.66682	2.1716
-10.0974	6.30509
3.38986	3.57923
3.75231	0.485555
-13.5802	3.21198
-6.50797	8.25875
4.15367	-0.427112
4.72697	-1.10664
-14.2919	0.233765
2.59614	5.88461
3.45759	3.78818
-6.96844	8.80224
4.801	-0.081967
2.90017	3.30891
-14.7762	-0.503201
-5.48872	8.92893
-11.9197	6.34892
-12.2571	4.09607
-4.91657	7.62215
2.20258	6.04823
5.39912	0.065938
-0.0317614	7.32856
-1.91959	7.06691
2.70955	5.6148
0.140213	5.77272
-12.9107	4.13598
4.86487	0.634922
4.04837	2.03543
3.84214	-0.042809
0.627903	6.14617
-13.9308	1.64579
-10.889	6.74706
-14.6782	-1.74364
-11.5589	6.49532
-14.5595	-0.272169
-6.30108	7.82194
-4.22777	8.85054
4.37754	3.13825
4.4792	1.44683
5.06343	0.406734
5.03708	2.47316
-10.4207	5.93843
4.73745	-1.60836
-7.77705	7.80769
-14.3195	0.599366
-12.8621	3.53322
-10.5842	5.21095
-13.8984	0.287961
0.527602	7.51028
-11.6215	5.07691
-1.08944	7.39544
3.15756	3.78265
-11.8275	4.89734
3.87887	0.229443
-15.7363	-1.00711
-14.2273	-0.987403
-11.2008	6.48633
4.07832	0.361307
4.04746	1.75609
2.34119	4.424
-15.0177	-1.57186
3.7097	1.24235
-3.38468	7.63042
4.79899	1.76328
-14.1706	1.60417
-2.15698	6.71247
0.528092	6.98193
-3.18203	8.58735
-2.35475	8.41239
4.55474	-0.334796
-0.980336	7.05996
-14.3367	2.86664
-3.06025	7.06877
-7.56239	7.00075
1.78884	5.31248
2.02647	4.42112
-5.94421	7.83364
5.55346	-1.22396
3.12399	1.91788
-6.28039	7.57793
-12.818	3.02258
-8.2659	6.48494
-11.1782	6.43905
2.83566	3.72714
-14.5043	-1.89788
-0.815695	6.08534
-7.96421	8.44231
5.02563	1.969
-1.58735	7.4252
-13.4525	2.26236
-4.87301	7.05858
-4.30504	7.81228
-11.8901	4.95065
-13.4812	2.50364
-15.7915	-0.0405186
4.54538	-0.233028
-14.8171	-0.480154
-0.388826	6.08097
0.837742	6.45818
-9.62266	7.46886
1.2265	5.86214
-11.211	4.86946
-12.5824	5.95807
5.30653	-1.37901
-14.1548	0.602399
5.00959	0.58352
1.63702	4.82489
-0.119908	7.16554
-8.13637	7.7604
-5.84026	8.06211
-14.3489	-1.45302
-14.8778	1.28507
-11.6196	4.8147
-11.9146	3.77508
4.80852	1.28323
5.84706	-1.93512
-8.38391	6.43872
-7.61034	6.92568
-0.172192	6.29049
-7.64078	7.47902
-5.66215	8.68665
3.96106	0.520103
-1.06887	8.18721
-13.7644	1.44139
-11.1762	5.67489
-15.05	0.70794
-14.434	-0.0581175
-0.168684	6.95155
0.100474	5.65625
-9.63548	6.41971
4.14055	2.83075
-8.32535	7.62655
-12.3575	4.37888
-0.0176011	5.73093
-0.719438	6.77685
-15.5188	0.482619
-2.49952	7.85135
-5.9235	7.83378
-15.6766	-0.114846
-14.7707	1.68535
-9.62189	6.61042
-14.8356	0.640616
2.90936	4.73175
3.2061	3.80299
-5.77088	8.69968
-0.52551	5.96534
-7.3183	7.05382
-5.29458	8.10024
0.824656	6.46405
-13.1808	2.79002
1.76555	6.57303
-0.188205	6.08646
-15.1382	0.0074943
-4.40554	7.51322
2.26353	3.80129
-4.90568	7.36866
-7.39185	7.50739
-6.74352	8.25728
-13.4836	4.9252
-0.982497	8.17996
-13.0765	4.41152
-4.57253	8.51791
-11.5607	5.26354
-9.80908	6.27162
-12.4253	3.32201
-10.9003	5.5235
4.01215	1.71204
-12.2662	6.20127
-11.7841	6.00292
-5.04024	7.92572
-11.6118	5.51492
-13.6309	1.28094
-8.03534	7.8972
-7.47752	8.32353
-9.52672	5.92706
-12.9592	2.66809
-1.539	7.02011
-6.94905	7.63059
-13.9404	-0.569031
-0.440399	-6.19199
12.0328	-4.33712
-3.96551	1.14134
-4.48647	-1.23348
-0.250294	-5.87902
6.14584	-8.6967
12.1537	-4.41341
-1.55898	-5.56373
-0.916124	-5.44116
-5.38462	0.576583
-3.28927	-4.42398
2.54958	-7.86897
1.08203	-6.87736
13.6903	-4.43307
9.07923	-7.98169
-0.383252	-5.59014
-5.21835	-0.629411
13.8967	0.398519
3.88526	-7.21914
-3.79882	-3.26533
13.3485	-3.31282
13.997	1.08474
-4.29224	-0.479254
-3.45094	-2.98275
13.6535	-0.775261
-0.740298	-5.17698
11.4793	-5.52528
0.110817	-6.9811
13.8334	-0.656565
1.86194	-7.49029
5.81482	-7.61262
8.76809	-7.31997
14.4873	-1.96967
15.0814	1.44737
2.56524	-7.74905
-4.62272	1.28387
1.57519	-6.41247
-0.694159	-5.48034
-0.494825	-5.95798
-4.29384	-3.8576
-3.56482	-0.905711
14.0039	-3.17447
13.8396	-0.0374992
14.3099	-0.217527
-2.70692	-4.05103
13.6315	-0.870411
12.342	-5.82602
-2.17788	-3.4953
-2.74919	-5.43293
13.8763	-0.128226
-3.4226	-3.11385
7.66415	-8.55195
6.28744	-8.61915
5.48189	-7.68713
-2.63884	-3.6184
14.1995	-1.157
14.3653	-2.98698
-2.90362	-3.26344
0.805766	-7.35817
12.7039	-4.38569
0.89566	-8.0192
12.5156	-5.71612
14.2746	0.598627
1.72717	-7.72778
13.4033	-4.10861
12.7759	-3.4145
11.365	-6.95069
1.76029	-6.80106
3.68223	-7.35482
1.55435	-7.30973
14.7166	-1.92011
12.3385	-4.70355
13.1565	-3.98215
5.33862	-8.63879
-1.17071	-6.69494
1.32945	-7.35352
15.4207	-0.481228
5.71076	-8.8167
13.2505	-3.79201
-5.09329	-0.630445
8.31622	-7.94236
3.34923	-7.27104
13.886	-3.61318
7.6564	-7.82094
-2.32403	-4.6852
14.4039	-1.0183
-4.23262	-0.549466
-1.60416	-5.87787
-3.76457	-1.83857
-0.508518	-6.05664
12.531	-4.0162
-4.39635	-1.96872
5.57987	-8.53545
-3.76362	-3.45279
14.0398	0.412171
13.4222	-4.84972
15.2929	1.50482
-4.6807	0.0494685
-4.41367	1.12347
14.2769	-1.41588
14.0479	-0.190384
-3.6723	-4.2299
13.9239	-3.74513
14.7559	1.12601
-2.6563	-3.87931
-1.15757	-6.03068
-4.8058	-0.859308
7.18571	-8.10742
3.0435	-8.61814
4.80479	-7.56407
11.5849	-5.14912
10.374	-6.23428
-4.84141	0.457064
12.6555	-3.14204
12.227	-5.90423
-1.82306	-5.00763
14.6737	-0.425921
14.7131	-2.11559
9.76055	-6.8445
13.866	-2.05406
14.2969	-2.09786
13.1082	-2.48058
-1.02724	-6.62207
11.0739	-5.63046
-4.98521	-0.904921
4.81376	-8.76373
8.41318	-7.48052
0.629306	-5.88779
-4.74579	0.763889
12.8624	-5.39744
15.6754	-0.243793
12.9132	-4.27352
-5.18939	-0.442134
7.78001	-7.76247
15.4361	-0.298159
-4.53783	1.3391
12.3694	-4.20877
-2.87542	-4.24774
9.78394	-7.57901
-3.23346	-2.42481
-0.0807911	-6.19479
-1.93781	-4.35736
-3.82374	-3.16648
-4.8033	-2.34614
7.85044	-7.06752
-3.82596	-3.19344
-5.52287	0.824347
15.391	0.0595338
-4.0095	1.05665
9.41096	-7.8541
1.22805	-6.90778
5.08918	-7.81748
6.67235	-7.70763
1.34958	-6.28581
6.98169	-7.31357
13.9556	-1.61877
1.09716	-7.22129
15.3699	-0.122426
13.9344	-1.15324
-4.0784	1.68782
3.86313	-8.41702
-2.57517	-4.9291
1.86872	-8.43016
13.2361	-4.83156
-1.08996	-7.07153
-3.6123	-4.77518
-1.79784	-4.29076
9.24064	-5.98495
-2.98951	-5.05537
-0.646227	-5.14254
13.4437	-1.75862
13.7486	-2.23361
5.94458	-8.22009
0.852361	-7.09136
8.26449	-6.82458
-3.87979	-2.61771
12.622	-5.62412
6.19641	-7.44549
6.26571	-8.04174
-3.92516	-1.01298
9.7178	-6.67122
-4.55049	-1.25009
14.4952	-0.717753
0.386167	-6.57928
-4.38981	1.40698
-3.91588	-0.0792118
-2.70207	-4.19534
5.46049	-8.42648
8.65928	-7.15623
-4.44058	-0.0590564
8.12601	-6.91518
12.2455	-5.48283
2.63884	-8.39396
6.10483	-8.37517
15.0433	-0.639747
14.1435	0.827675
9.49029	-5.81992
11.1761	-6.43456
-4.53986	-2.11471
-2.69808	-4.05336
11.9487	-5.76992
-2.20385	-4.69961
-3.09112	-3.14191
10.6254	-5.68274
12.5987	-5.24077
-2.46541	-3.80507
9.09052	-6.80964
13.8969	-2.0171
1.51598	-8.01049
-0.249247	-6.04264
5.69128	-8.22239
6.20913	-7.08681
8.33052	-7.17298
14.0502	-2.12379
-4.29846	-2.50265
12.012	-3.75057
14.5844	1.11737
-3.94451	-0.114494
-2.03156	-5.05306
3.45966	-8.73284
13.9815	0.0399056
13.1254	-1.98703
13.3632	-3.59186
12.7938	-5.24947
-4.39581	-0.327132
-4.30214	0.946605
-3.81735	-4.05193
-2.27364	-5.48083
0.423084	-7.49139
-5.40923	0.662137
4.43682	-7.21557
-4.22927	1.85362
10.7862	-6.16947
12.0892	-3.96994
13.1038	-4.57773
-5.50919	0.540831
-4.18192	1.93709
-3.73457	-3.1473
13.0079	-2.29658
14.397	1.89796
10.9782	-4.8675
-4.61527	-0.313189
-3.83576	0.0212701
2.87425	-7.20337
8.56003	-6.41956
14.0505	-0.367693
-4.16413	-4.00533
-4.18546	-0.0491974
13.6989	-4.48309
7.06679	-8.14713
14.177	-1.73509
-2.53461	-5.95498
12.3963	-4.62998
2.35757	-7.014
14.0901	0.835116
11.3512	-4.93143
6.93659	-7.45394
-4.14838	-1.16076
3.89538	-7.36252
14.5602	-1.05015
10.7452	-5.26776
-4.07506	-0.258109
15.251	1.37181
9.3364	-6.58569
13.9598	-1.37963
0.111516	-7.14229
3.00189	-7.23047
1.47859	-6.9801
-2.15331	-3.67954
9.71982	-7.57408
-2.41202	-5.04046
14.8097	-2.74253
1.00986	-6.36668
-1.81637	-6.55266
-1.24822	-5.93669
14.0066	0.781157
2.31444	-8.18553
-4.06013	-1.13016
11.9507	-5.85309
10.3041	-5.82482
13.1776	-1.79727
2.27941	-8.50546
-2.22048	-5.39402
14.6479	-0.929963
11.5176	-6.46852
-3.95715	0.628317
10.7113	-6.12088
0.276393	-6.94889
1.35711	-7.09849
-4.88673	-1.30636
6.94281	-8.02349
13.6241	-2.93776
10.2098	-5.76144
7.78681	-8.01483
-4.0623	-0.873088
15.105	1.01236
-4.24367	-0.693567
0.358257	-6.96005
10.5523	-6.34228
1.88726	-8.43312
1.78246	-6.92317
13.1068	-3.52116
14.7947	0.969188
-5.42901	0.407972
4.46289	-7.48739
6.53176	-7.29033
1.19049	-7.34635
-2.08979	-5.98836
14.0495	1.88699
-2.09266	-5.69134
11.8599	-5.50327
-4.40934	-2.06252
14.4063	1.75361
-1.36766	-6.91827
12.9088	-3.02279
-3.98013	-4.0684
13.1354	-2.96715
10.3494	-5.71593
14.3228	0.800588
-3.57452	-1.48121
-3.90659	-0.632645
12.8694	-4.87333
-2.22407	-4.21898
2.33031	-8.54172
-4.55771	-2.85585
-0.785204	-6.32557
13.621	-2.57895
2.59301	-6.88632
-3.93896	-2.92406
-3.2457	-2.71302
8.54662	-6.671
15.5733	0.822581
14.6831	0.945808
1.90168	-8.20828
12.1497	-5.00023
5.85331	-8.7996
-3.00211	-2.76163
14.5529	1.46027
8.75125	-6.46239
11.0603	-6.15605
12.0806	-3.74973
12.2144	-4.42658
-2.46099	-5.04028
12.9062	-4.12375
5.72691	-7.52404
12.4905	-4.3654
-0.305402	-6.66534
1.12898	-8.05394
4.28675	-7.83127
10.8792	-6.76813
7.68831	-7.6001
5.41179	-7.89599
14.5669	-1.02444
-1.29482	-5.59758
14.6447	-1.66125
6.30262	-8.76185
13.7464	-3.7119
-4.69238	-2.64364
9.70112	-7.36051
12.38	-4.40516
10.4697	-7.32098
-0.94033	-6.37965
13.3798	-2.58786
6.9119	-6.81337
15.4434	1.12968
-2.91585	-4.86423
13.8842	0.540825
-3.37681	-3.77218
12.6202	-2.92088
1.14987	-7.3745
10.2198	-7.65989
11.959	-5.7236
14.5254	-1.79914
13.8763	-4.16236
-0.507327	-6.74076
8.67215	-7.0987
10.5177	-5.7877
-4.44935	-3.1867
13.3264	-1.93053
7.29114	-7.32975
11.16	-5.64908
7.05124	-7.48041
-3.58106	-1.17707
8.21755	-6.88177
8.78592	-6.25635
1.18855	-8.06136
-4.5019	0.405967
14.0934	0.902852
-5.55713	0.972567
-5.19867	-2.05873
14.4769	-3.29314
10.5731	-6.90661
2.63229	-7.29734
14.841	-2.76316
-5.27338	1.9117
14.8643	1.49444
14.7872	-1.50743
10.6321	-5.48574
-4.28821	-3.31897
-2.65643	-4.02664
0.495794	-6.01108
6.77402	-7.72665
-1.55021	-4.36159
2.1922	-7.3085
-5.66186	0.109796
-1.44926	-5.99252
-1.65356	-5.31621
8.28184	-8.41872
15.114	1.01022
4.52494	-8.01102
13.919	-2.60248
14.5776	-2.95022
5.11571	-7.77024
10.467	-6.26413
4.42403	-8.39809
7.42716	-7.10124
-3.00278	-4.4645
-4.82577	-0.0031939
5.39068	-8.68945
11.9809	-3.70526
3.0605	-7.984
13.2339	-2.5257
-4.92519	-0.29693
6.98882	-7.51937
-1.20287	-6.20462
-0.235222	-7.25813
-2.11756	-3.8126
2.80435	-8.13939
11.9794	-5.27838
14.3859	-2.97234
7.46912	-8.17226
-0.47952	-6.28323
15.1033	-0.829598
14.4835	-0.330132
9.48004	-6.53451
15.0856	-0.604069
11.0149	-5.97425
-5.08927	-0.124249
-4.07334	-2.97519
12.6904	-5.71502
-4.88917	0.955014
14.7827	1.53357
-1.59313	-5.59764
11.2647	-5.78169
15.4879	1.09115
5.26776	-8.96196
-3.9043	-3.57449
4.25356	-7.67492
2.84138	-8.00542
14.4853	-1.36202
-4.86615	-0.161543
-1.22794	-4.64332
9.26007	-7.61459
9.7822	-5.8075
12.9264	-2.75031
-3.95078	-0.00333515
4.18212	-6.99166
-4.77487	-2.06815
-1.85934	-4.81728
8.62516	-6.33922
6.11893	-7.26801
10.2489	-7.4652
-3.97987	-3.92252
-4.87022	-2.12648
-5.06223	-1.60209
-1.13417	-6.19825
7.44337	-7.37128
13.0577	-2.4829
10.9058	-6.29754
3.20788	-8.20197
0.203192	-6.40096
1.22065	-6.41424
12.5677	-4.39458
4.92881	-7.90388
13.9463	-3.60703
2.69922	-7.94237
2.94276	-7.19213
12.3529	-5.79888
12.9323	-3.84661
9.82958	-6.95896
14.6254	-2.34473
-1.23047	-5.10973
-3.59355	-4.42785
-2.06531	-5.08124
13.9327	-2.95143
7.89167	-7.08491
-2.81311	-2.99164
-5.08661	-0.992916
9.88928	-6.32569
6.56943	-8.31146
1.3759	-7.97059
12.4353	-4.25024
11.6677	-5.28071
-2.7108	-5.79105
0.293647	-6.08683
13.5698	-3.90653
13.21	-4.77811
-4.27858	-2.72959
14.7546	0.470511
-3.776	-4.09447


-0.58806	-8.45408
-6.83962	4.06182
-7.87653	12.581
-4.37512	12.013
-5.56758	-2.77449
6.563	4.89655
13.1133	14.6244
7.97243	13.4438
-3.34618	9.7522
-13.6638	6.53367
13.5606	6.85499
4.1179	-0.146908
7.59772	-8.96837
-8.99207	-13.3866
-10.7384	5.73466
2.54218	14.1785
-7.12158	-9.63224
-1.05888	13.551
-4.89646	-10.0269
9.26213	-6.31894
-6.0702	7.02024
-0.636962	2.74307
-5.86173	9.61008
-2.21988	4.60261
-0.317452	-6.24885
-0.574922	-8.59672
0.758238	9.70998
-13.5567	11.6959
4.97359	2.31957
3.41484	-6.09498
5.81001	-12.0265
10.8073	1.21096
-3.32264	14.5799
0.676961	-12.9116
-10.9	6.78587
-4.17958	-8.97683
-0.260138	4.33983
-2.5612	2.60599
14.2179	9.92834
10.3614	-6.50906
7.8864	-11.2277
-3.21761	1.35978
-2.85262	2.34219
5.57764	-3.41718
-3.65735	0.670442
9.45193	-11.6111
-4.45046	-9.19283
1.5373	-0.393925
12.7963	-12.8485
-5.50805	14.6245
12.0144	1.52606
-5.2598	-13.1897
-13.1053	4.41635
-13.1687	-6.92675
-2.94741	13.5063
1.02458	-5.22938
1.78195	-2.06295
-2.11964	-14.7094
6.81957	8.70283
-10.635	-10.3084
-0.736626	-2.47954
-2.83232	7.44975
4.59419	-13.3294
0.991912	9.63743
2.82727	1.54106
-14.0163	-4.37056
4.00483	9.73158
-11.4095	1.49714
-0.0203499	-13.583
-11.2949	-4.85271
-2.17483	-13.6861
-2.66699	11.7341
13.9056	8.67926
11.3756	1.44891
-9.21265	-4.60446
12.6198	-12.4132
7.03473	9.31432
1.16038	12.5745
-0.729461	14.0073
-9.64497	0.203902
-9.49648	13.139
-3.02845	8.61547
11.337	-12.9517
-2.58662	4.15649
1.65278	-7.59105
-4.60015	-2.52009
-1.77283	-9.44209
1.03712	-9.73932
-10.4508	4.0765
-5.44422	-9.15956
14.3747	-6.34846
-4.9356	-2.63747
-7.8481	13.2392
-1.32618	0.922642
13.3356	-13.9396
-12.6159	-10.4632
-8.36182	7.84049
-0.737068	7.96583
1.27238	-7.14143
8.88611	9.2354
9.32172	-1.67513
-6.41636	14.9505
9.22649	3.89218
-14.5779	3.00938
-13.6399	14.5442
-5.71844	-4.40965
-8.16292	3.35217
9.15571	-12.3657
-10.0391	-4.52775
-10.9252	1.62763
11.7452	7.89583
2.2484	8.87862
-1.37851	-6.35419
-10.4528	3.46889
13.0568	3.5191
1.05835	-12.8644
9.71049	-13.6025
0.225012	-6.62876
12.1265	6.58173
-4.97909	6.70998
-7.0618	-1.73204
8.36699	-14.9534
13.594	-9.32544
2.57398	12.6413
-13.4188	2.52134
-8.81061	7.65944
-4.66818	-1.61936
4.56141	2.26274
9.32292	13.5398
4.86953	-13.4101
-6.66611	-8.12917
1.81037	3.42661
-10.3773	-7.30973
7.28445	0.537127
8.49601	-8.63977
-6.89231	11.7396
-10.9587	-0.152552
0.590235	7.52116
-3.58425	-9.97607
-2.34981	4.40284
-3.40077	-12.3118
-2.64947	8.3595
-6.5769	8.71233
-2.50833	8.65142
-4.85091	-5.28093
3.07072	0.800092
-1.20652	1.73115
14.1671	-7.3214
8.97381	13.0036
-1.42442	1.11609
-12.5727	-0.784426
5.96726	9.1723
-12.9068	-10.2578
8.56998	13.3598
9.97112	-4.8415
12.3846	-12.2923
-11.4813	9.29998
-10.6146	-4.78271
-7.72435	-6.29287
10.0593	-0.0311564
7.69983	-6.93596
12.5958	-10.2522
-10.4125	-10.1128
0.950203	1.56786
7.81115	-5.06735
1.02323	9.22841
-11.6086	6.42795
-8.32615	-13.2986
-5.55041	-4.7256
12.7453	6.84658
14.21	-0.43695
13.3145	-7.42912
10.7395	7.11549
7.31601	-2.95678
-14.6405	-8.64008
-5.47245	-11.5772
8.3068	12.533
4.23356	-13.2978
3.58076	-4.26673
-2.11898	13.5675
-13.4251	-10.5816
3.05755	1.44685
-2.31219	6.40484
6.56968	11.9033
-2.76437	-3.55275
-6.47694	2.62614
14.4595	14.5254
14.6612	-8.70174
14.6214	-0.877946
-11.23	-12.0213
5.70256	5.55455
8.90767	-9.93993
8.13825	-11.4916
9.68218	3.24118
14.3283	4.84082
-3.57829	8.24299
9.25342	6.63149
6.26747	0.291567
10.6055	6.81814
-0.232767	-8.53204
-5.71059	3.11018
4.01577	13.7964
9.42316	1.05974
-6.67286	-2.11268
10.3823	-9.19303
-5.52304	13.6334
-1.46854	-14.6162
3.02244	-12.2717
7.13721	9.57155
-13.6124	-9.93176
6.32604	-9.3755
6.42247	5.09483
10.3137	6.74312
4.00117	13.5904
9.05184	-1.59592
-3.11908	3.45511
-8.60584	3.21693
7.58515	3.13714
3.70052	-2.77685
0.210391	-5.21782
-2.61482	7.37199
-14.7289	10.2891
-6.77662	3.00816
-5.72559	-3.64064
-13.2008	13.3242
5.16253	7.68499
-14.9349	8.83243
6.76981	-8.12508
3.52466	-12.226
10.6512	2.74763
13.5877	1.63987
-14.2845	13.6529
-10.5658	6.67783
-11.0673	2.07215
14.5553	-0.441848
-0.983665	4.98911
12.7391	-1.00549
13.925	-14.6477
3.82777	8.39412
-12.2265	7.49472
-10.5847	0.000481496
7.70387	-13.0568
-12.2191	-12.2771
2.38942	13.9316
9.88605	-2.64859
-10.4493	9.53938
11.7214	-3.31663
-12.4313	-6.06258
-1.93015	-6.03796
-5.33958	2.54865
-12.9168	-1.64116
6.83954	1.16659
-12.7886	-7.25259
-12.7017	-7.74364
-12.888	12.6127
-10.8494	13.2119
-10.5776	13.466
-3.82498	-7.64036
2.66592	1.06034
-8.41126	9.66077
12.1715	7.65032
4.74638	-10.6608
14.2261	-2.62067
7.44175	-4.75825
-2.20636	-14.2968
14.2194	-9.04447
13.2161	-5.04577
10.9507	7.41676
-11.898	0.859578
-5.99741	-10.2509
2.77186	-3.86336
14.9099	-7.83721
-0.706913	11.5726
3.5783	5.421
13.3878	-13.94
-12.0505	1.00401
7.71738	7.97451
-3.39857	2.41134
-2.05465	2.57007
-1.88752	-8.83859
13.1022	-11.5376
0.889581	-5.17018
-13.3728	14.0371
-2.50822	-9.01249
-7.58872	13.7291
6.1135	-4.54476
-4.24703	-13.3284
9.76604	10.6848
14.4855	0.845131
8.65207	13.9974
-11.8362	-2.02548
-8.49256	-4.76268
3.38146	-7.12738
10.4527	4.57058
-5.85229	-9.40407
-0.647743	1.45009
4.78204	-14.8614
4.86484	-4.62048
1.93294	9.86463
-4.00692	-4.12215
-5.96683	-14.6941
-5.45567	-3.01888
13.1963	-8.73614
-9.25697	-6.11846
-12.3116	14.2337
-10.1212	-1.02634
4.13084	-8.72034
11.2839	-8.67695
11.6972	-13.1438
-12.2999	-9.19198
-14.0781	12.7748
2.68214	-9.10122
13.4167	-11.4145
-8.89567	13.2511
-0.341044	2.54058
-8.3777	13.0125
-1.98906	-11.6437
4.20386	4.73436
12.5964	-11.1625
-5.71733	2.53692
5.41493	14.0681
-8.73372	-9.99239
9.46285	12.2316
12.1503	12.1181
-1.23393	-9.459
0.595445	-5.6306
-5.30471	2.40497
-13.3673	-11.0346
-6.57441	3.2768
5.63668	1.52962
-6.18662	10.5616
-0.0477872	6.9532
-3.68852	14.7707
4.43557	4.87319
-3.02639	2.71457
-11.235	9.47761
-11.4644	-14.6895
3.90729	13.6592
2.27596	-2.49527
-13.2352	-10.9034
6.52275	7.89336
-12.6549	-6.82525
13.1315	-2.24367
11.3805	-14.1268
2.43131	7.99316
-7.72487	-5.62338
6.37401	5.49491
-2.50903	3.15884
-2.92397	13.248
-6.58058	-11.24
9.62939	-12.5873
-3.48487	7.15788
-7.28314	6.23263
0.694273	-1.09647
-5.62038	12.9046
-1.16821	-3.82712
-8.08758	9.47867
-3.62349	-12.7549
-8.49679	9.24621
-6.85585	-3.99528
10.1073	3.40099
-5.5972	14.6847
5.08933	14.3006
4.00854	-12.5757
2.89776	13.9362
-11.2755	-12.1978
-1.757	-14.1592
2.98075	8.66146
-6.91633	3.74488
11.662	14.5438
4.2138	-10.268
-0.551721	3.05397
1.55185	12.3656
-13.6317	10.3777
4.01266	14.7576
-4.4032	-14.8107
11.6576	1.41016
-12.6687	-1.64432
0.140121	10.5011
7.57796	7.65902
-4.78322	4.25032
-12.8031	-7.92452
-7.71157	-0.615999
0.520277	-10.9195
0.623627	12.4048
-0.0716682	-6.45678
-4.19761	5.85137
7.3114	10.3593
-10.9406	-5.3525
13.407	6.79262
-11.4734	-9.93383
1.92873	1.39168
7.96882	11.9585
-12.3201	7.42494
-9.89461	-1.24588
-0.4587	14.0952
-0.647473	-7.80643
12.9043	-0.758302
-14.1742	-7.45241
5.37265	-0.253801
3.89284	-0.0593827
-8.47985	-4.83457
14.0557	-10.9202
4.51327	-12.8255
-8.30211	10.0928
0.200521	0.621193
0.244026	14.491
-6.0623	14.6471
-2.60751	6.67083
9.76661	10.1051
-4.47773	-12.042
14.5258	14.0147
6.48345	-4.68714
-9.34073	-13.1315
10.6316	13.1666
-2.07639	-14.4253
0.658506	13.5585
2.71324	4.55801
11.3554	6.01163
-11.1323	-10.8801
5.46367	-4.73223
0.118521	-9.12186
-8.18774	14.9633
5.85503	1.57842
-14.7658	3.56607
11.3437	12.4347
2.7699	3.25504
12.7732	-4.66209
4.67429	13.0829
-10.5716	13.8305
-3.60945	6.89503
10.3676	0.538825
-12.5188	1.47125
10.3449	-11.7297
-14.1293	-4.17672
-10.2832	0.366094
7.07956	-9.80963
-4.64098	11.9499
-12.2553	-2.99146
-7.53959	-5.1482
-2.66302	-3.65235
2.34526	-13.4874
2.4155	-9.23541
-13.662	9.9323
4.11459	-12.7073
-11.4808	1.23275
0.352629	12.6547
-3.63563	9.02615
1.30538	-10.5031
-12.8758	-1.72759
-6.68539	12.1091
5.80249	3.17822
1.18144	-9.1223
14.39	4.93646
-2.90816	-10.0395
-4.52107	13.1818
12.5847	-4.44556
7.83055	-1.55708
-14.0901	3.66325
-10.3997	4.41155
14.1609	4.72236
14.2546	5.45011
-7.98934	1.0293
-6.31864	2.00479
12.9561	12.8087
-3.48949	-9.17436
6.11259	3.24393
-2.13642	-12.9275
-14.0403	-6.86741
-1.98522	7.67313
-7.86806	-11.6863
-7.04364	11.8008
-2.72849	-7.26973
7.91778	-4.48987
-3.33288	3.62379
10.0123	-4.13092
-9.54212	-2.84738
6.5393	4.76589
13.7086	0.396467
-14.2634	-2.24116
-0.464375	14.0484
12.4523	3.51525
11.9754	14.0655
-5.82161	14.3058
0.451585	8.44986
-5.69257	-3.62074
13.699	13.8449
-6.68236	7.87815
-3.78745	13.0548
1.71286	-13.8303
-1.24334	-7.94533
-12.9712	-5.44447
14.7507	11.7688
3.12485	10.8964
-11.9059	1.64108
-8.62717	4.50472
-14.46	-9.01595
4.59664	3.14015
11.5795	-12.5491
14.8081	2.60073
8.72482	-10.3886
4.5533	4.677
-4.33522	5.17304
-4.32313	-4.84145
6.88449	4.81117
-10.2493	-12.0644
-11.5291	-10.7372
-6.11278	-7.80622
14.8793	-1.4683
11.5983	5.7863
-3.96179	-13.2633
-1.36865	8.52162
1.74632	14.3604
4.10068	3.39777
-6.00616	12.2638
10.8953	3.32685
-1.23702	-11.3543
7.95387	-3.40229
2.46671	-9.85937
-1.24067	14.7011
10.8062	-0.79247
-2.96165	-2.15613
-6.84781	2.93824
-1.8477	-12.2836
-13.3473	10.3077
7.88446	12.7862
-1.15043	13.1151
11.3068	-12.9064
-9.63678	4.58484
8.78634	-4.84089
5.04909	2.70256
10.8616	-13.5599
-5.9729	-8.41729
-3.00051	2.08816
-2.40623	14.6531
4.68999	2.87882
13.9297	10.4116
13.6867	-10.4865
-13.7482	-8.20008
0.457714	-12.9345
13.7317	0.993551
3.70144	-8.02875
-5.47961	-6.75522
14.0211	10.7501
0.421913	-7.07781
5.11615	-9.86523
12.9619	-12.5712
-5.38527	-14.6748
-6.83694	7.05708
4.18017	10.8159
-2.08025	-3.27238
2.22404	8.61184
-0.316324	-13.9807
-7.17496	9.36492
9.19067	14.7068
9.5474	-4.0281
1.07076	-8.89474
-13.428	5.6018
2.91255	6.17057
1.34886	6.1309
-7.41568	-3.31227
-7.16807	-4.26913
12.2649	-2.27366
-0.290258	5.31975
-10.0188	8.29341
-1.65102	-6.62642
-6.94082	-13.9144
1.12007	-8.97523
8.48573	6.2785
-7.16135	10.4808
14.2488	0.890249
-6.34603	9.4858
0.566932	-7.45712
-7.84437	-0.578502
11.4826	-5.73836
1.29383	-10.5785
6.36279	-14.6493
1.63119	11.5437
-4.96759	-3.8119
-3.27981	-1.04947
-0.0706097	-1.08178
4.69578	6.236
-4.20287	-13.8079
11.1622	9.19162
12.5895	-4.23145
13.6325	-0.493919
0.864185	-3.74631
-9.98527	11.1865
-11.3583	-13.1277
-1.13411	14.612
-6.24579	-1.15221
0.303054	-14.3213
10.3019	-11.936
-9.10333	-1.4092
-2.12443	-14.7735
8.11658	3.23465
-5.98833	1.56454
-12.8349	-8.0597
-7.39727	-7.16526
5.30271	0.763697
