-7.22795	7.73141
2.54375	4.72459
-6.9998	8.44078
-7.04441	8.28541
1.91565	3.97837
2.26915	3.54055
4.56164	0.23927
-11.1617	6.68835
-11.4348	5.11539
-4.84782	8.84512
4.36267	3.07777
-13.7989	2.8911
-13.3655	4.81719
-7.97953	7.36209
2.66123	5.51815
-12.6541	4.76821
-14.2747	3.4293
-14.0244	-1.46183
-11.4415	6.30083
-11.6574	4.865
-14.5678	0.705672
-7.80734	6.99655
-0.211096	6.49962
-8.07539	7.21559
2.2732	6.10109
1.67984	4.96377
3.48964	4.58469
-0.732314	6.53819
-14.0711	3.84624
3.30377	1.79791
-0.269663	6.02664
-14.3178	-1.49922
2.02965	5.52212
4.55356	-0.26925
3.82018	0.13404
-0.0523911	7.2407
-10.3967	5.63603
-14.5392	1.12329
2.28379	3.79454
5.19425	-1.154
-10.4295	6.17883
-6.63412	7.32661
3.96727	2.78548
2.5394	4.42479
-12.5747	5.59158
5.33168	-0.333579
-8.4921	8.11942
3.33398	1.50367
-11.4226	5.06424
3.18924	3.42125
3.65269	2.15236
-4.36714	6.99207
4.29974	3.75087
-12.6867	3.20754
-6.62612	7.4028
-2.19546	7.50083
-14.3399	-0.919776
-5.75335	7.94308
3.12045	4.29574
4.76703	-1.26575
-7.32633	7.92505
-13.0373	4.98111
-13.7001	2.18288
4.19642	1.94882
-14.6738	2.15091
-5.66735	7.66335
3.29522	2.76071
-1.99114	7.22297
-4.80734	8.18634
-10.5437	6.33068
3.88336	3.47769
-14.2461	-0.229111
3.96351	0.287425
3.99676	-1.17896
-13.1601	2.7568
-2.22832	7.7825
-10.7802	6.69027
3.78385	0.669913
-14.1449	2.39118
2.66279	4.44632
-11.1101	6.26965
-10.6811	7.29831
2.52026	4.66141
-3.6723	7.04953
4.4077	0.945897
-3.0797	7.2364
3.8282	3.24267
-6.92152	7.47854
4.38086	-1.06919
-6.75544	8.50469
-13.5882	4.14791
-13.9673	-0.297385
-0.119309	5.82344
3.03602	2.49045
4.20055	0.859389
4.40132	0.202402
-2.86819	6.83346
-0.845225	8.0304
0.926683	5.5713
-12.6721	5.15835
-15.7894	-1.33754
-1.98094	8.41902
-15.4596	0.502768
3.91511	-0.468665
5.59349	-0.913375
-13.3765	1.45015
-1.40291	7.06433
0.959182	6.6022
-8.40589	6.92387
-12.8899	4.12303
2.95812	4.61939
-1.83522	8.04079
-11.4701	5.41869
-3.38769	7.99923
-15.8021	-0.522247
-0.817081	6.42861
-1.3626	8.26592
-11.2256	5.0461
-14.8948	0.961356
-0.841994	6.31165
-0.567667	6.23097
-13.4563	4.38087
-3.56795	7.48049
-12.1844	5.17703
5.24279	0.0732284
-10.4121	5.85512
-12.3153	4.59311
4.79387	-1.88691
-1.43273	6.85986
-2.03124	6.8483
-8.02792	7.35964
-12.9104	2.5392
-4.92404	7.92376
-12.6358	3.85196
-14.4255	1.02844
-4.33744	8.86989
-15.1238	1.54354
-12.1224	3.66205
-13.4431	4.54575
2.54916	3.60806
-15.314	0.842632
-10.595	6.74317
-6.46532	8.46403
5.06958	-1.5094
2.9227	4.1613
-13.5135	1.84486
1.84811	4.36761
3.89684	0.533464
-14.0181	-1.36174
-11.8235	6.51686
-2.68085	6.86997
-14.5267	0.0766583
-9.92502	7.39843
-13.4738	3.98231
3.88416	3.49261
-6.59443	7.28629
-5.32225	8.41104
4.20918	1.57336
-12.5033	4.0632
-2.74152	8.17887
-14.8731	0.706738
-8.93316	6.37661
2.44234	3.26686
-0.932033	6.22661
3.19912	3.43142
-8.37195	8.04386
0.942397	6.20174
-9.96264	6.53635
-12.3114	3.81249
-9.45716	6.32193
0.154402	7.54595
-8.49448	7.46296
-8.0585	7.98126
-3.93315	7.46552
5.52805	-1.94332
4.47803	3.31774
2.87572	2.6829
-14.0424	-0.652483
4.5665	1.51239
-3.74894	8.72525
-14.0723	3.65326
-9.86101	5.77322
-6.44594	7.37331
4.20474	1.34026
-7.58409	6.98388
-11.935	3.86853
3.66468	4.71377
-11.4383	5.73501
-14.4568	-1.14254
-11.3362	5.73365
-14.4764	2.31784
5.50062	-1.2039
-4.59392	8.9252
1.39429	5.22454
-12.9826	3.21472
4.76493	1.29232
-13.6235	2.48777
-15.0875	1.93762
-10.9159	4.78892
-11.0135	5.02177
-1.52314	6.35964
1.06764	4.88164
-2.43237	8.49674
-11.3631	6.1721
-14.1627	2.88098
-6.98288	7.23345
-0.0130696	7.55375
-6.68591	7.83407
3.25882	4.62912
-14.1188	-0.461928
3.82636	4.15077
-0.865436	6.3224
-10.7907	6.03867
-0.0637039	6.05996
4.42217	2.1437
-12.0895	4.33086
-13.9317	3.21955
3.95857	2.1385
-15.0903	1.0351
-14.2839	0.0369429
-5.61842	8.12042
-5.29391	7.47157
3.82376	0.968235
-13.4915	4.40384
-3.74989	7.58177
0.203066	6.22112
-3.64089	7.16531
-4.29633	8.72108
-13.5199	1.59491
2.79006	3.52369
2.91686	4.11583
1.48165	6.8386
-7.94933	7.68766
2.65031	5.3489
-11.604	5.83988
-13.2091	4.26652
-12.8152	2.63561
-14.6103	2.34579
2.93232	3.73148
2.78791	2.51122
-13.9146	1.20627
-3.63065	8.25169
3.86291	3.32984
-12.7697	3.58131
2.94527	4.3381
-14.5158	-1.09889
-4.16647	8.8513
-11.8211	4.13299
0.767605	7.14539
5.78633	-0.363716
-7.44509	8.57633
2.80157	3.59015
-4.06937	7.39248
4.85436	-1.10202
-4.90454	8.11462
4.57578	2.71305
-1.90594	8.48296
-12.5988	4.19309
-14.3002	1.78246
-14.3437	1.26895
-14.5461	-1.95808
-2.05145	8.0321
-0.914873	6.11078
-0.00920943	6.3086
-9.55173	7.03861
-1.96833	6.58187
5.19399	-1.18715
5.01038	0.512791
-3.93766	8.02303
2.79751	2.75817
0.591945	5.40627
0.200224	6.3069
-3.86253	7.86729
3.71281	2.24648
-14.0301	1.11074
4.70796	0.271068
5.73522	-1.6101
4.37217	2.17503
4.69334	0.188586
-0.952306	7.63555
-2.86487	7.24552
-14.1555	4.09099
-4.39681	7.44989
-6.82264	6.83317
3.93091	-0.304734
3.32898	3.82178
-14.4871	-1.94493
-6.40506	7.45292
0.869637	7.21898
5.03812	-0.900162
3.25433	1.9775
-5.77768	8.69894
-9.35529	6.56936
-12.2959	5.52745
4.63864	1.51327
-8.06845	7.54332
-10.4158	6.72228
-7.2618	7.83632
-13.3946	2.66887
-0.655637	6.42353
1.82522	5.8788
-10.465	6.01546
-14.4805	0.617218
-13.3426	4.30437
2.20433	3.9267
-13.7086	2.48134
-12.5928	5.36834
2.38099	4.86023
-7.9455	8.43606
-3.43707	7.99892
-4.65264	7.79673
0.0142294	6.72437
-11.3265	5.50981
-4.62465	7.97188
-9.22385	8.14489
-1.79261	7.9661
-14.9908	1.73034
-7.19817	7.34001
-14.5624	2.7737
-3.29147	8.00232
-13.7117	1.30138
4.66682	2.1716
-10.0974	6.30509
3.38986	3.57923
3.75231	0.485555
-13.5802	3.21198
-6.50797	8.25875
4.15367	-0.427112
4.72697	-1.10664
-14.2919	0.233765
2.59614	5.88461
3.45759	3.78818
-6.96844	8.80224
4.801	-0.081967
2.90017	3.30891
-14.7762	-0.503201
-5.48872	8.92893
-11.9197	6.34892
-12.2571	4.09607
-4.91657	7.62215
2.20258	6.04823
5.39912	0.065938
-0.0317614	7.32856
-1.91959	7.06691
2.70955	5.6148
0.140213	5.77272
-12.9107	4.13598
4.86487	0.634922
4.04837	2.03543
3.84214	-0.042809
0.627903	6.14617
-13.9308	1.64579
-10.889	6.74706
-14.6782	-1.74364
-11.5589	6.49532
-14.5595	-0.272169
-6.30108	7.82194
-4.22777	8.85054
4.37754	3.13825
4.4792	1.44683
5.06343	0.406734
5.03708	2.47316
-10.4207	5.93843
4.73745	-1.60836
-7.77705	7.80769
-14.3195	0.599366
-12.8621	3.53322
-10.5842	5.21095
-13.8984	0.287961
0.527602	7.51028
-11.6215	5.07691
-1.08944	7.39544
3.15756	3.78265
-11.8275	4.89734
3.87887	0.229443
-15.7363	-1.00711
-14.2273	-0.987403
-11.2008	6.48633
4.07832	0.361307
4.04746	1.75609
2.34119	4.424
-15.0177	-1.57186
3.7097	1.24235
-3.38468	7.63042
4.79899	1.76328
-14.1706	1.60417
-2.15698	6.71247
0.528092	6.98193
-3.18203	8.58735
-2.35475	8.41239
4.55474	-0.334796
-0.980336	7.05996
-14.3367	2.86664
-3.06025	7.06877
-7.56239	7.00075
1.78884	5.31248
2.02647	4.42112
-5.94421	7.83364
5.55346	-1.22396
3.12399	1.91788
-6.28039	7.57793
-12.818	3.02258
-8.2659	6.48494
-11.1782	6.43905
2.83566	3.72714
-14.5043	-1.89788
-0.815695	6.08534
-7.96421	8.44231
5.02563	1.969
-1.58735	7.4252
-13.4525	2.26236
-4.87301	7.05858
-4.30504	7.81228
-11.8901	4.95065
-13.4812	2.50364
-15.7915	-0.0405186
4.54538	-0.233028
-14.8171	-0.480154
-0.388826	6.08097
0.837742	6.45818
-9.62266	7.46886
1.2265	5.86214
-11.211	4.86946
-12.5824	5.95807
5.30653	-1.37901
-14.1548	0.602399
5.00959	0.58352
1.63702	4.82489
-0.119908	7.16554
-8.13637	7.7604
-5.84026	8.06211
-14.3489	-1.45302
-14.8778	1.28507
-11.6196	4.8147
-11.9146	3.77508
4.80852	1.28323
5.84706	-1.93512
-8.38391	6.43872
-7.61034	6.92568
-0.172192	6.29049
-7.64078	7.47902
-5.66215	8.68665
3.96106	0.520103
-1.06887	8.18721
-13.7644	1.44139
-11.1762	5.67489
-15.05	0.70794
-14.434	-0.0581175
-0.168684	6.95155
0.100474	5.65625
-9.63548	6.41971
4.14055	2.83075
-8.32535	7.62655
-12.3575	4.37888
-0.0176011	5.73093
-0.719438	6.77685
-15.5188	0.482619
-2.49952	7.85135
-5.9235	7.83378
-15.6766	-0.114846
-14.7707	1.68535
-9.62189	6.61042
-14.8356	0.640616
2.90936	4.73175
3.2061	3.80299
-5.77088	8.69968
-0.52551	5.96534
-7.3183	7.05382
-5.29458	8.10024
0.824656	6.46405
-13.1808	2.79002
1.76555	6.57303
-0.188205	6.08646
-15.1382	0.0074943
-4.40554	7.51322
2.26353	3.80129
-4.90568	7.36866
-7.39185	7.50739
-6.74352	8.25728
-13.4836	4.9252
-0.982497	8.17996
-13.0765	4.41152
-4.57253	8.51791
-11.5607	5.26354
-9.80908	6.27162
-12.4253	3.32201
-10.9003	5.5235
4.01215	1.71204
-12.2662	6.20127
-11.7841	6.00292
-5.04024	7.92572
-11.6118	5.51492
-13.6309	1.28094
-8.03534	7.8972
-7.47752	8.32353
-9.52672	5.92706
-12.9592	2.66809
-1.539	7.02011
-6.94905	7.63059
-13.9404	-0.569031
-0.440399	-6.19199
12.0328	-4.33712
-3.96551	1.14134
-4.48647	-1.23348
-0.250294	-5.87902
6.14584	-8.6967
12.1537	-4.41341
-1.55898	-5.56373
-0.916124	-5.44116
-5.38462	0.576583
-3.28927	-4.42398
2.54958	-7.86897
1.08203	-6.87736
13.6903	-4.43307
9.07923	-7.98169
-0.383252	-5.59014
-5.21835	-0.629411
13.8967	0.398519
3.88526	-7.21914
-3.79882	-3.26533
13.3485	-3.31282
13.997	1.08474
-4.29224	-0.479254
-3.45094	-2.98275
13.6535	-0.775261
-0.740298	-5.17698
11.4793	-5.52528
0.110817	-6.9811
13.8334	-0.656565
1.86194	-7.49029
5.81482	-7.61262
8.76809	-7.31997
14.4873	-1.96967
15.0814	1.44737
2.56524	-7.74905
-4.62272	1.28387
1.57519	-6.41247
-0.694159	-5.48034
-0.494825	-5.95798
-4.29384	-3.8576
-3.56482	-0.905711
14.0039	-3.17447
13.8396	-0.0374992
14.3099	-0.217527
-2.70692	-4.05103
13.6315	-0.870411
12.342	-5.82602
-2.17788	-3.4953
-2.74919	-5.43293
13.8763	-0.128226
-3.4226	-3.11385
7.66415	-8.55195
6.28744	-8.61915
5.48189	-7.68713
-2.63884	-3.6184
14.1995	-1.157
14.3653	-2.98698
-2.90362	-3.26344
0.805766	-7.35817
12.7039	-4.38569
0.89566	-8.0192
12.5156	-5.71612
14.2746	0.598627
1.72717	-7.72778
13.4033	-4.10861
12.7759	-3.4145
11.365	-6.95069
1.76029	-6.80106
3.68223	-7.35482
1.55435	-7.30973
14.7166	-1.92011
12.3385	-4.70355
13.1565	-3.98215
5.33862	-8.63879
-1.17071	-6.69494
1.32945	-7.35352
15.4207	-0.481228
5.71076	-8.8167
13.2505	-3.79201
-5.09329	-0.630445
8.31622	-7.94236
3.34923	-7.27104
13.886	-3.61318
7.6564	-7.82094
-2.32403	-4.6852
14.4039	-1.0183
-4.23262	-0.549466
-1.60416	-5.87787
-3.76457	-1.83857
-0.508518	-6.05664
12.531	-4.0162
-4.39635	-1.96872
5.57987	-8.53545
-3.76362	-3.45279
14.0398	0.412171
13.4222	-4.84972
15.2929	1.50482
-4.6807	0.0494685
-4.41367	1.12347
14.2769	-1.41588
14.0479	-0.190384
-3.6723	-4.2299
13.9239	-3.74513
14.7559	1.12601
-2.6563	-3.87931
-1.15757	-6.03068
-4.8058	-0.859308
7.18571	-8.10742
3.0435	-8.61814
4.80479	-7.56407
11.5849	-5.14912
10.374	-6.23428
-4.84141	0.457064
12.6555	-3.14204
12.227	-5.90423
-1.82306	-5.00763
14.6737	-0.425921
14.7131	-2.11559
9.76055	-6.8445
13.866	-2.05406
14.2969	-2.09786
13.1082	-2.48058
-1.02724	-6.62207
11.0739	-5.63046
-4.98521	-0.904921
4.81376	-8.76373
8.41318	-7.48052
0.629306	-5.88779
-4.74579	0.763889
12.8624	-5.39744
15.6754	-0.243793
12.9132	-4.27352
-5.18939	-0.442134
7.78001	-7.76247
15.4361	-0.298159
-4.53783	1.3391
12.3694	-4.20877
-2.87542	-4.24774
9.78394	-7.57901
-3.23346	-2.42481
-0.0807911	-6.19479
-1.93781	-4.35736
-3.82374	-3.16648
-4.8033	-2.34614
7.85044	-7.06752
-3.82596	-3.19344
-5.52287	0.824347
15.391	0.0595338
-4.0095	1.05665
9.41096	-7.8541
1.22805	-6.90778
5.08918	-7.81748
6.67235	-7.70763
1.34958	-6.28581
6.98169	-7.31357
13.9556	-1.61877
1.09716	-7.22129
15.3699	-0.122426
13.9344	-1.15324
-4.0784	1.68782
3.86313	-8.41702
-2.57517	-4.9291
1.86872	-8.43016
13.2361	-4.83156
-1.08996	-7.07153
-3.6123	-4.77518
-1.79784	-4.29076
9.24064	-5.98495
-2.98951	-5.05537
-0.646227	-5.14254
13.4437	-1.75862
13.7486	-2.23361
5.94458	-8.22009
0.852361	-7.09136
8.26449	-6.82458
-3.87979	-2.61771
12.622	-5.62412
6.19641	-7.44549
6.26571	-8.04174
-3.92516	-1.01298
9.7178	-6.67122
-4.55049	-1.25009
14.4952	-0.717753
0.386167	-6.57928
-4.38981	1.40698
-3.91588	-0.0792118
-2.70207	-4.19534
5.46049	-8.42648
8.65928	-7.15623
-4.44058	-0.0590564
8.12601	-6.91518
12.2455	-5.48283
2.63884	-8.39396
6.10483	-8.37517
15.0433	-0.639747
14.1435	0.827675
9.49029	-5.81992
11.1761	-6.43456
-4.53986	-2.11471
-2.69808	-4.05336
11.9487	-5.76992
-2.20385	-4.69961
-3.09112	-3.14191
10.6254	-5.68274
12.5987	-5.24077
-2.46541	-3.80507
9.09052	-6.80964
13.8969	-2.0171
1.51598	-8.01049
-0.249247	-6.04264
5.69128	-8.22239
6.20913	-7.08681
8.33052	-7.17298
14.0502	-2.12379
-4.29846	-2.50265
12.012	-3.75057
14.5844	1.11737
-3.94451	-0.114494
-2.03156	-5.05306
3.45966	-8.73284
13.9815	0.0399056
13.1254	-1.98703
13.3632	-3.59186
12.7938	-5.24947
-4.39581	-0.327132
-4.30214	0.946605
-3.81735	-4.05193
-2.27364	-5.48083
0.423084	-7.49139
-5.40923	0.662137
4.43682	-7.21557
-4.22927	1.85362
10.7862	-6.16947
12.0892	-3.96994
13.1038	-4.57773
-5.50919	0.540831
-4.18192	1.93709
-3.73457	-3.1473
13.0079	-2.29658
14.397	1.89796
10.9782	-4.8675
-4.61527	-0.313189
-3.83576	0.0212701
2.87425	-7.20337
8.56003	-6.41956
14.0505	-0.367693
-4.16413	-4.00533
-4.18546	-0.0491974
13.6989	-4.48309
7.06679	-8.14713
14.177	-1.73509
-2.53461	-5.95498
12.3963	-4.62998
2.35757	-7.014
14.0901	0.835116
11.3512	-4.93143
6.93659	-7.45394
-4.14838	-1.16076
3.89538	-7.36252
14.5602	-1.05015
10.7452	-5.26776
-4.07506	-0.258109
15.251	1.37181
9.3364	-6.58569
13.9598	-1.37963
0.111516	-7.14229
3.00189	-7.23047
1.47859	-6.9801
-2.15331	-3.67954
9.71982	-7.57408
-2.41202	-5.04046
14.8097	-2.74253
1.00986	-6.36668
-1.81637	-6.55266
-1.24822	-5.93669
14.0066	0.781157
2.31444	-8.18553
-4.06013	-1.13016
11.9507	-5.85309
10.3041	-5.82482
13.1776	-1.79727
2.27941	-8.50546
-2.22048	-5.39402
14.6479	-0.929963
11.5176	-6.46852
-3.95715	0.628317
10.7113	-6.12088
0.276393	-6.94889
1.35711	-7.09849
-4.88673	-1.30636
6.94281	-8.02349
13.6241	-2.93776
10.2098	-5.76144
7.78681	-8.01483
-4.0623	-0.873088
15.105	1.01236
-4.24367	-0.693567
0.358257	-6.96005
10.5523	-6.34228
1.88726	-8.43312
1.78246	-6.92317
13.1068	-3.52116
14.7947	0.969188
-5.42901	0.407972
4.46289	-7.48739
6.53176	-7.29033
1.19049	-7.34635
-2.08979	-5.98836
14.0495	1.88699
-2.09266	-5.69134
11.8599	-5.50327
-4.40934	-2.06252
14.4063	1.75361
-1.36766	-6.91827
12.9088	-3.02279
-3.98013	-4.0684
13.1354	-2.96715
10.3494	-5.71593
14.3228	0.800588
-3.57452	-1.48121
-3.90659	-0.632645
12.8694	-4.87333
-2.22407	-4.21898
2.33031	-8.54172
-4.55771	-2.85585
-0.785204	-6.32557
13.621	-2.57895
2.59301	-6.88632
-3.93896	-2.92406
-3.2457	-2.71302
8.54662	-6.671
15.5733	0.822581
14.6831	0.945808
1.90168	-8.20828
12.1497	-5.00023
5.85331	-8.7996
-3.00211	-2.76163
14.5529	1.46027
8.75125	-6.46239
11.0603	-6.15605
12.0806	-3.74973
12.2144	-4.42658
-2.46099	-5.04028
12.9062	-4.12375
5.72691	-7.52404
12.4905	-4.3654
-0.305402	-6.66534
1.12898	-8.05394
4.28675	-7.83127
10.8792	-6.76813
7.68831	-7.6001
5.41179	-7.89599
14.5669	-1.02444
-1.29482	-5.59758
14.6447	-1.66125
6.30262	-8.76185
13.7464	-3.7119
-4.69238	-2.64364
9.70112	-7.36051
12.38	-4.40516
10.4697	-7.32098
-0.94033	-6.37965
13.3798	-2.58786
6.9119	-6.81337
15.4434	1.12968
-2.91585	-4.86423
13.8842	0.540825
-3.37681	-3.77218
12.6202	-2.92088
1.14987	-7.3745
10.2198	-7.65989
11.959	-5.7236
14.5254	-1.79914
13.8763	-4.16236
-0.507327	-6.74076
8.67215	-7.0987
10.5177	-5.7877
-4.44935	-3.1867
13.3264	-1.93053
7.29114	-7.32975
11.16	-5.64908
7.05124	-7.48041
-3.58106	-1.17707
8.21755	-6.88177
8.78592	-6.25635
1.18855	-8.06136
-4.5019	0.405967
14.0934	0.902852
-5.55713	0.972567
-5.19867	-2.05873
14.4769	-3.29314
10.5731	-6.90661
2.63229	-7.29734
14.841	-2.76316
-5.27338	1.9117
14.8643	1.49444
14.7872	-1.50743
10.6321	-5.48574
-4.28821	-3.31897
-2.65643	-4.02664
0.495794	-6.01108
6.77402	-7.72665
-1.55021	-4.36159
2.1922	-7.3085
-5.66186	0.109796
-1.44926	-5.99252
-1.65356	-5.31621
8.28184	-8.41872
15.114	1.01022
4.52494	-8.01102
13.919	-2.60248
14.5776	-2.95022
5.11571	-7.77024
10.467	-6.26413
4.42403	-8.39809
7.42716	-7.10124
-3.00278	-4.4645
-4.82577	-0.0031939
5.39068	-8.68945
11.9809	-3.70526
3.0605	-7.984
13.2339	-2.5257
-4.92519	-0.29693
6.98882	-7.51937
-1.20287	-6.20462
-0.235222	-7.25813
-2.11756	-3.8126
2.80435	-8.13939
11.9794	-5.27838
14.3859	-2.97234
7.46912	-8.17226
-0.47952	-6.28323
15.1033	-0.829598
14.4835	-0.330132
9.48004	-6.53451
15.0856	-0.604069
11.0149	-5.97425
-5.08927	-0.124249
-4.07334	-2.97519
12.6904	-5.71502
-4.88917	0.955014
14.7827	1.53357
-1.59313	-5.59764
11.2647	-5.78169
15.4879	1.09115
5.26776	-8.96196
-3.9043	-3.57449
4.25356	-7.67492
2.84138	-8.00542
14.4853	-1.36202
-4.86615	-0.161543
-1.22794	-4.64332
9.26007	-7.61459
9.7822	-5.8075
12.9264	-2.75031
-3.95078	-0.00333515
4.18212	-6.99166
-4.77487	-2.06815
-1.85934	-4.81728
8.62516	-6.33922
6.11893	-7.26801
10.2489	-7.4652
-3.97987	-3.92252
-4.87022	-2.12648
-5.06223	-1.60209
-1.13417	-6.19825
7.44337	-7.37128
13.0577	-2.4829
10.9058	-6.29754
3.20788	-8.20197
0.203192	-6.40096
1.22065	-6.41424
12.5677	-4.39458
4.92881	-7.90388
13.9463	-3.60703
2.69922	-7.94237
2.94276	-7.19213
12.3529	-5.79888
12.9323	-3.84661
9.82958	-6.95896
14.6254	-2.34473
-1.23047	-5.10973
-3.59355	-4.42785
-2.06531	-5.08124
13.9327	-2.95143
7.89167	-7.08491
-2.81311	-2.99164
-5.08661	-0.992916
9.88928	-6.32569
6.56943	-8.31146
1.3759	-7.97059
12.4353	-4.25024
11.6677	-5.28071
-2.7108	-5.79105
0.293647	-6.08683
13.5698	-3.90653
13.21	-4.77811
-4.27858	-2.72959
14.7546	0.470511
-3.776	-4.09447


-1.84501	-5.81449
14.4198	3.66843
-1.16197	8.09891
6.3039	1.19515
12.9256	-0.126652
-2.60375	-9.66027
-10.7936	14.8443
-13.6366	1.85228
9.2544	-9.3405
4.40566	-10.4003
-9.58328	-9.2771
-3.71676	-7.90066
-1.44636	13.9545
-11.0853	-11.2366
6.75969	6.67659
-1.38442	-0.980945
5.17144	-9.58742
-9.46115	-6.77826
-13.7739	-0.287748
-10.8984	13.4366
10.6733	2.78765
-2.29165	1.52911
1.26512	-11.6171
0.553653	6.62476
-6.81235	-0.0218193
-3.48408	-12.2377
-4.51526	5.53597
-7.41844	1.83515
8.97552	-3.32153
8.55669	13.3424
-14.1331	-3.91978
5.26258	-10.5968
-6.91961	-2.72128
-2.48629	1.95406
14.6952	2.90781
-5.16012	13.1486
14.4197	-0.158484
-1.72603	-8.16341
11.0021	-0.449668
14.9171	10.0157
-0.286986	-1.88668
7.23868	-2.23056
-1.19742	5.42345
-1.44334	11.1474
-3.39245	4.37944
0.146607	8.12279
-10.0006	-12.9817
-8.38832	-7.16903
1.53368	14.281
-8.66677	-4.72904
-0.100806	-9.35023
-11.008	-7.37376
7.86226	1.86604
2.05082	10.6413
6.13041	-6.29946
4.51942	0.921504
14.0136	-5.61294
10.9666	-9.32638
-13.6112	-10.7246
-3.10264	-1.58463
-2.67572	-2.19094
-8.04483	-5.64422
-8.18155	0.399939
12.6529	11.113
-11.3344	-5.21558
-2.0143	10.2862
-9.0395	-11.244
-11.7269	11.392
10.9952	1.12876
0.58201	7.32839
7.18214	12.0024
8.49068	8.068
-1.81989	10.2913
10.0127	-4.65418
6.38713	-1.19446
-10.8357	-6.1902
2.62478	-2.23864
-8.40305	-1.18144
2.23337	5.48598
7.01496	-5.60646
-6.26362	0.14386
-0.706522	0.166779
-12.8679	13.4862
-12.4457	2.36382
4.20709	-5.20812
-9.46626	2.32437
2.04934	-12.4979
-12.8776	-11.9706
-7.6646	-13.5126
12.2599	-7.6526
-11.4426	-13.5223
-4.65036	12.6914
10.7891	6.36888
7.152	6.78732
-5.19561	-7.51807
1.83002	8.93417
-7.1004	10.3873
14.7302	-10.7374
7.95185	-4.50302
8.42252	13.9229
12.4001	7.40144
6.56391	-5.59618
-1.0162	-11.0797
-0.347757	3.74915
4.55245	-7.83343
-12.9841	2.65926
-8.42911	2.84475
5.10526	6.22904
5.19708	-6.97892
-14.8327	-1.12055
-3.74828	6.13271
-11.3806	14.2411
12.5114	-11.5002
-10.4195	4.92417
11.8044	5.02724
3.62347	9.4569
12.6342	-7.51011
-7.65791	8.2968
10.9102	-8.74734
12.843	-2.93636
-4.49491	-9.01005
-9.81989	-5.49728
14.8004	-9.79201
-8.23785	-14.0215
-13.1627	-7.89395
7.03412	5.94425
0.367209	12.284
-8.60869	9.56562
5.06035	-7.5651
-2.72199	11.3755
-6.15518	14.4922
-3.17772	8.84657
8.87384	-0.694189
1.2874	-5.9253
-11.9825	3.77013
-14.5591	-10.8981
0.815275	11.5874
-5.45605	-11.8004
14.1284	-14.2263
-0.699104	-11.9602
6.36669	-4.30277
7.61717	14.1649
-14.831	-4.80477
-2.91235	10.5654
6.96675	12.8417
11.2667	-14.2182
-3.94922	3.22443
7.15527	-6.98305
-12.362	-3.88382
-6.18345	-0.574975
-4.35014	5.09939
3.2872	13.4308
2.46826	9.46675
-8.53434	-9.63892
8.07446	12.0478
13.4767	10.8755
-8.92489	11.559
4.18021	7.66561
-10.5411	3.05554
-11.5204	3.29964
11.083	12.0071
-2.53948	14.8044
9.97699	0.730399
-11.4193	-11.6891
2.26275	0.765687
-9.67347	-3.56546
5.38691	14.2527
11.3792	-3.46254
-9.0643	8.32059
9.68049	-14.7719
-1.80104	-6.97917
-10.5368	9.16276
-9.46344	3.21096
-8.91152	-9.19246
-1.96874	-4.80353
8.95084	-7.82615
14.151	-13.6359
12.0954	-0.989485
-12.5399	-12.9262
-9.70486	-9.86802
7.9972	-11.0678
-3.5474	-6.47983
7.36181	-8.90613
11.2056	-2.9989
-13.3678	11.2671
-4.10846	1.22785
12.4398	-10.4013
-13.1293	0.122867
10.5083	2.29103
-7.43218	12.0873
-0.871901	-13.8528
1.58167	-7.29688
8.07827	1.399
-11.5966	-3.85602
10.827	-11.5627
-9.67886	8.06251
3.06578	5.65815
10.675	0.98226
-13.4813	10.4925
-11.0661	4.68193
-2.85733	8.09329
0.961214	-3.60564
-0.194999	3.03321
-14.494	-12.3462
-13.9669	1.46254
1.60628	8.74922
-2.1548	9.88812
14.6199	-13.0892
13.083	-0.990184
-4.95143	-4.6687
1.68683	11.7125
-12.3207	-8.6831
-7.98603	10.609
9.59464	-14.4257
-12.0045	6.95306
8.63332	4.67906
4.97898	-14.6759
13.2491	-6.99833
-12.3304	-7.64818
-5.914	-2.08238
-10.4033	-11.3832
3.20428	4.2091
12.3315	7.0508
14.5299	-1.41715
13.9776	10.0316
-11.3724	4.71335
14.3079	7.58828
10.5121	14.9861
6.02183	-2.1281
-4.08351	7.27726
14.2413	2.0511
9.24477	-9.53266
12.3971	-12.7087
-11.4109	14.7929
1.65076	-9.74683
2.26804	10.091
-13.0016	13.8607
-7.28597	7.37251
-12.9688	4.72063
13.5615	13.8221
0.431991	-3.99291
-11.2858	7.26897
10.9687	12.7267
-9.75592	10.7344
9.40118	10.4501
-8.14706	-6.42375
7.06009	-11.8506
8.7007	-13.6308
2.4629	6.64996
-1.13521	-2.17304
12.9415	14.2899
-9.07592	-7.59291
13.5001	-4.09942
11.4385	-7.31115
11.7726	10.5252
-6.37593	1.90635
6.07102	-9.63834
-2.189	-9.76853
7.4868	1.93725
12.6531	-12.088
-11.8548	-13.1462
14.0554	-11.7335
-11.0446	11.4178
-6.94926	10.9297
9.13295	-6.64684
-1.6621	2.26794
0.318261	-5.64581
-12.9434	-9.99595
-4.57475	9.55279
1.88253	-10.3396
-5.19279	14.2506
-8.47461	-3.3103
12.8159	3.21196
8.34234	-14.9636
-13.0121	-1.69598
2.93869	11.6522
-10.6298	4.76665
-9.73843	1.44144
3.8364	0.135966
10.9773	-1.45609
13.8132	12.0172
0.790895	0.830361
4.47746	-8.18254
2.64608	-7.95447
0.142415	-11.2609
-2.84657	-12.7587
3.42438	-12.3033
-5.86205	12.4637
-3.72003	-8.3218
13.535	-2.95679
-9.72359	12.2782
13.6461	-6.87036
-3.54182	0.755419
-5.32691	11.8479
-4.80399	10.7784
9.66969	14.3213
5.53719	-6.03771
14.2298	13.6538
-12.7007	2.22282
0.248368	13.2535
3.93222	7.46854
-1.2809	-6.99483
7.77735	14.2998
-2.89412	8.98208
13.501	-0.175578
-14.8576	-11.3457
-5.49438	8.51993
-10.6399	4.94772
5.22481	1.88513
-0.217089	0.698655
9.11255	-1.8619
11.7514	9.55906
10.857	11.2351
3.6434	12.4219
-4.44379	5.72676
8.81677	-9.78729
4.86901	-13.1845
12.904	-9.9689
-1.18484	-10.4669
-7.99139	-7.2035
4.11859	8.25135
-9.71344	-4.06543
-8.52532	-8.76389
10.042	2.31083
7.60666	-1.4668
6.84418	-13.3226
4.62618	-6.6203
4.5088	-0.136391
-0.286817	6.14322
-4.34607	-2.12814
13.8869	-2.29905
-8.68747	13.2411
-8.40747	7.75484
13.6945	4.48129
11.4887	14.4016
7.58009	4.70202
-0.885855	10.2167
-4.28862	-14.9483
-5.76894	-6.57484
-3.86349	6.70233
7.60745	0.521377
-2.93684	-10.2504
3.4116	-13.7686
-4.22222	7.61442
-12.0134	-3.55119
1.73787	-14.4653
6.63928	12.7532
13.0637	4.6385
12.86	5.70696
-1.64856	10.3535
-5.30871	13.64
5.83968	-0.174286
11.6912	14.2009
-9.93319	5.06213
6.67294	1.44754
12.0795	11.8507
-14.4798	6.00784
6.81976	-0.240232
-4.67042	7.41325
-8.06267	5.24808
13.8959	9.49293
12.6541	-1.21893
3.5729	12.0676
-14.7258	-6.61965
-13.9173	-2.0139
6.67443	-8.07668
-9.38043	3.32711
10.9861	-3.48815
-3.99276	11.4356
5.75212	4.6579
1.64467	4.20919
-2.01779	-14.833
-1.33142	-7.44223
-0.994772	5.16023
-8.40146	-12.4517
-8.60127	-12.818
3.06441	-5.29499
11.8302	-11.2739
-12.2235	-13.7498
-4.17632	-13.6121
0.416529	-5.6314
0.113985	14.3968
1.54746	4.65484
12.3256	-10.5509
9.82191	9.57871
12.4091	-7.76088
10.2129	1.13547
-1.82072	-4.44726
-6.60917	-14.4193
13.5014	3.07123
6.12518	-11.7931
-12.1937	11.764
-0.348557	1.06621
-0.808633	2.0693
-3.50131	13.688
-11.6306	-0.244819
9.1322	-2.40795
11.6489	1.15532
2.57447	-13.8572
10.8164	0.149347
0.62027	-11.6406
-9.61899	6.77358
-10.5466	-2.77777
0.557189	5.43416
-7.41108	-0.727642
-6.00413	-7.19166
1.23016	-12.4486
-0.139328	-0.349184
14.1956	13.8562
9.03615	1.21419
4.51662	-11.7464
-14.8373	-8.66313
-7.65304	5.23395
-5.79611	13.3125
-9.83557	6.23772
-6.56736	-7.15007
12.6824	-3.41619
12.3463	12.6663
14.0967	-10.7424
13.0301	-9.79506
11.7456	-5.71229
-9.42184	10.9594
-1.44769	-13.0346
-3.09097	-9.61131
11.4363	-7.34345
0.460365	-2.0928
4.64568	-4.36291
12.566	3.41453
4.54835	14.7181
5.93564	-13.3621
-12.1199	-14.229
6.51477	-13.7874
5.12504	12.7267
-1.58059	6.92694
-14.1166	-5.5029
-11.5961	8.27648
6.4131	-7.86207
-6.28169	-8.27717
-14.9162	10.3153
5.04427	-0.457836
-11.1071	10.8368
2.84892	3.09298
-1.03719	-7.33827
1.84662	11.0623
-13.4954	-8.38285
13.1558	-4.78174
-2.99901	14.1322
-12.3175	7.18244
6.04704	1.68123
11.2585	-2.53739
13.6777	8.58976
10.2029	-0.856156
-4.47757	9.69488
-13.1695	8.92004
-9.97528	6.27967
-4.32186	-5.99074
8.36529	6.87202
-5.30054	12.6965
-7.11615	4.45939
5.16425	4.50489
-7.60681	-6.41306
11.8396	8.81512
-0.109527	-11.1938
-8.9486	-0.762548
5.2177	-11.9837
6.118	-0.975314
-13.1503	-5.871
6.46362	10.8298
5.42761	2.38451
-2.57557	3.91274
-6.05882	12.0608
11.9572	-7.50444
-12.2333	3.51026
-5.45124	-0.894385
13.6559	3.72125
-12.2957	5.59023
-4.88239	14.4606
1.37225	12.8829
5.84501	4.88782
-9.23562	14.8309
-6.32456	13.198
2.06149	-12.9616
10.4714	-0.827729
5.30102	-9.61316
7.35561	-12.9303
-3.97569	-7.35705
-7.0743	-8.43531
11.8827	10.8563
7.05109	-5.13242
-12.5043	-8.14782
-2.87434	-0.487436
-12.4403	0.990042
8.06144	-7.67582
7.91704	-11.7471
-4.43764	14.115
12.8952	-4.56863
-8.36148	-10.8302
-11.3016	3.74499
-0.776336	2.0821
-2.38993	-2.85552
14.7582	13.7105
-4.64793	9.46919
8.10512	-3.34305
-6.26841	3.16991
9.30385	-14.5854
11.5871	6.3201
8.54047	-9.56032
-1.92546	-2.29364
-8.93457	13.2776
-2.55262	-9.42604
7.51311	14.6618
6.89879	-14.0171
-5.32144	-6.42377
5.14914	8.72741
-0.556866	2.93163
2.18059	-8.87797
8.03551	13.5584
-1.70453	7.6044
-6.24255	13.7137
5.6014	-13.4705
3.36897	-3.24818
2.14591	2.77802
-13.1386	-11.3977
10.3004	11.8485
8.53877	-6.23018
-2.15459	8.54684
5.59659	0.800787
-10.6024	-9.26348
-2.97119	-14.2931
0.588633	-7.13848
-3.49812	-2.5824
-8.52173	-2.7818
6.51277	0.249013
-3.19462	-13.5296
9.38914	13.8725
13.7752	5.81181
12.3512	-11.0473
6.93499	14.679
1.7619	-5.18181
13.0044	-11.9573
13.5591	-13.001
-7.82957	12.6044
9.06302	9.41557
4.59495	-0.321084
1.5807	13.0539
-12.3608	-7.20723
2.51958	-12.2285
-0.261471	1.38936
-0.897439	-8.22742
-12.3373	6.27972
-9.34257	-3.33108
2.61982	-1.20607
8.07213	9.22018
7.63639	12.9026
5.95208	6.68324
12.3176	8.65328
-10.3254	13.7215
-5.01297	-11.7731
-14.6915	13.1971
9.72209	6.38975
-10.0935	2.2108
13.6125	3.51929
11.5068	-13.4585
3.06463	-0.942946
-7.75928	4.5709
6.68159	-11.4833
-2.06154	10.4272
12.8053	-7.03267
-9.29899	7.86428
-8.10146	-6.67019
11.1293	-10.242
-1.27787	-13.9384
11.9189	-1.54909
0.662799	3.54852
8.50754	-3.86589
-6.03715	-11.599
-7.61843	5.90643
-7.06983	-9.55336
6.83262	-14.0005
5.77144	7.0749
5.59012	-2.6323
7.74463	-5.48652
-10.997	11.9611
13.0192	6.14057
-7.36787	3.86272
-3.31824	-13.4284
2.53687	4.79541
-13.8436	-9.01129
6.50955	10.1571
1.86949	1.29438
-7.76955	14.9923
-11.0843	-8.353
0.178016	1.31229
-12.6566	-9.50331
-9.53147	5.61064
3.25501	-8.95065
-6.02699	11.8615
10.4464	6.16568
-5.60963	-1.01462
13.914	-2.11471
-7.30167	-12.7751
12.834	14.4159
-12.0246	1.40444
13.1875	2.05118
4.24988	-5.13607
11.7504	7.39363
-4.36759	13.8883
2.35979	13.4231
-3.37843	-13.8405
-12.8979	-7.2569
12.0544	-0.602986
-14.817	-2.67876
10.9059	-11.3721
0.746248	-7.29963
-0.993681	-3.7337
0.0601136	0.855298
-10.3994	5.7117
-2.28829	-10.0437
9.92812	-14.0047
-10.8873	-8.05426
8.96535	1.83708
-5.54265	9.45516
-4.20874	-1.219
-14.8959	-3.10922
-13.9697	-14.2439
-10.4601	-12.4832
-11.4948	4.35999
-5.92142	-12.4028
9.57377	-8.95645
-13.4744	-0.388315
9.82764	-5.46482
-0.312051	-8.51665
5.23776	-5.21516
-3.44757	-11.7398
2.91373	11.3305
-5.99891	-4.04181
-10.1301	5.55179
-14.7658	-0.997193
9.54698	4.44862
9.84957	9.34443
-4.12245	0.356136
10.6087	-0.167052
-12.1818	0.920478
-8.04044	1.53045
-7.93233	0.320711
-0.439152	-1.88563
-10.9752	3.64149
-13.0774	-4.94544
12.1668	-8.37227
-8.87061	1.55303
5.92354	-9.21676
-2.60932	7.30173
6.91322	7.64876
-14.4099	6.38847
-6.22771	3.14086
-14.7889	4.48753
-2.59226	-1.39297
3.96869	8.47915
-13.1101	9.54389
-9.23273	0.241134
-13.6012	1.65647
-10.6156	-11.0355
9.30027	6.42603
-0.79789	0.885685
-10.8182	12.2519
12.3911	-12.4964
-6.28205	2.37367
-13.3596	12.2689
-14.79	-7.23255
5.18666	11.3539
-14.5992	13.3807
6.66014	-13.7482
6.7783	1.93482
13.0574	-4.27004
8.32968	12.9122
-4.35813	5.5316
10.6589	-4.53423
-4.22189	-11.408
-2.27374	-1.49576
-8.60072	-5.0409
14.003	-2.03256
-12.9876	-6.78662
-11.2031	7.61593
-9.5509	2.42005
0.762948	9.65221
10.4935	13.8391
14.1016	10.4966
-2.50468	-1.6963
-1.18662	-5.23216
-7.49716	9.43459
2.51519	-6.09088
12.4346	0.436318
-1.87827	6.26759
-5.73398	9.52048
-3.39861	8.96907
7.81689	8.99272
0.563139	-6.68125
2.99558	8.62187
-14.9298	12.57
-5.29908	3.41697
-4.73098	-3.82403
-6.4408	7.73847
-1.435	-2.98271
0.21415	1.78632
11.1027	12.205
-11.6993	4.95643
3.68263	8.55316
14.4802	1.82183
14.1563	-0.373256
-0.581006	10.776
-5.24014	5.81457
-2.78551	-11.6347
9.19708	1.67345
4.93921	11.1391
-7.75981	12.7179
-6.34155	-4.11696
-3.68663	10.4939
-3.41447	3.75789
1.28699	-5.88895
4.0954	-7.36006
5.78955	-11.3241
5.86465	0.574094
5.30573	-0.469379
-6.45122	-12.0174
-14.2065	5.87289
-0.0444793	-13.4757
7.97511	-2.08209
14.627	-4.46122
-1.6916	6.51711
-7.6446	-13.7323
-0.277584	10.223
11.8956	9.16644
-12.4443	-5.96152
4.38145	13.6152
-5.54617	7.28758
0.779894	-1.73314
9.1744	1.79498
-14.2139	-11.9619
-7.42548	-5.58154
14.4891	5.35647
1.73682	-14.3314
-6.91787	-12.9608
8.17543	-9.03279
-10.5765	13.4281
1.63597	-9.86828
9.2355	14.2454
0.678957	2.96839
4.62055	-10.1777
-4.79778	-6.6328
11.902	12.3769
-6.74243	2.87219
-13.1626	9.74318
12.4834	-7.92299
-7.69792	14.3632
11.1191	5.08098
8.80453	8.4731
12.8574	11.4129
-3.19953	-11.0176
3.49999	-9.03666
-1.69342	-14.4202
7.95332	12.7584
13.8992	-9.64489
13.0008	-7.08261
6.71488	11.3816
-3.11387	-13.029
6.81254	-14.3551
2.66187	8.08623
8.39221	-2.73815
4.63832	8.5401
11.5753	0.445322
7.03408	5.66998
-1.08185	-7.63903
-3.26652	11.0752
0.792269	-9.80193
13.2743	2.17605
5.80115	1.03194
-6.46461	11.5561
13.7591	-1.44588
11.6305	-0.721819
-6.02604	-13.5371
-9.20686	-11.6883
9.15907	-13.8578
0.00654049	6.16363
8.99969	6.49945
-6.12708	7.05269
-8.00156	-12.1342
14.387	-9.13724
3.99708	5.60576
-5.82183	-8.62513
-14.0927	-1.79618
9.97522	-0.892622
-4.99464	7.33641
-10.9931	5.33943
-14.0509	8.3873
-1.97842	-13.5259
-13.1101	-2.14284
-2.29838	5.14163
12.0162	1.65013
12.4832	9.2478
12.4947	6.45671
5.03354	9.64206
-7.0433	-0.305983
11.1309	4.35122
14.3361	-3.70731
-11.8617	-8.11737
-7.62075	0.441234
-10.6292	9.54584
-10.4644	-2.37006
3.7067	-12.1486
9.64723	-13.0472
-14.4838	4.86763
2.37133	7.91456
-6.50274	11.6131
0.387547	13.9154
-15	13.5245
2.21933	6.72676
-6.94353	-12.0267
3.25469	13.8136
-13.1594	-14.5643
-1.91495	-13.5718
8.10363	12.5114
9.71724	-11.2794
13.0556	-8.70413
-13.1153	13.151
-5.10141	-4.21105
3.33334	-14.2794
9.03649	-9.82894
-8.28675	11.468
11.2987	-5.00428
-1.31298	11.6281
6.3103	13.6071
10.7703	7.47677
-9.50664	-8.47946
-9.81472	-9.80538
10.9747	-1.78412
7.07948	-13.6069
2.39891	-14.6295
-5.82827	11.1246
11.7356	-14.5235
5.70537	-12.4059
6.91632	-11.5397
4.97858	-8.41865
-11.6954	4.41183
3.04351	-12.8356
1.31034	-5.38984
1.07718	-2.38634
-11.8637	12.6994
-0.117702	-2.00302
-1.63903	-3.73331
6.86066	1.03564
-5.81778	-6.27363
11.0946	6.23432
2.29449	-11.8299
-8.19408	-11.8614
-14.9682	-9.27853
-11.7312	0.0205196
7.44708	-3.21297
-0.0919523	-10.904
-5.07064	1.09959
-14.9981	13.5969
-5.53553	-3.36946
-10.4316	-0.858834
-13.2712	0.0771024
11.0886	-0.117387
12.9995	-10.0909
-1.67156	-11.4047
-4.77348	3.04817
-0.473426	8.32727
2.9894	14.9207
5.41934	0.527948
6.45756	1.91787
-3.33964	-5.00375
-14.595	-7.81569
1.02597	4.63431
14.5406	-2.66718
-7.63912	-3.77966
12.6969	8.70882
0.523675	-8.17659
-4.17832	-12.3777
0.196077	-11.1144
-12.1046	-2.41277
2.94102	-12.1878
8.07171	2.6926
-0.709626	-14.0694
-12.1663	14.6982
14.6198	-2.70979
-6.49409	5.86596
7.26296	2.56127
-12.3165	0.930912
-8.37769	9.92241
-10.7024	-2.35972
14.3955	-6.2266
9.51193	-4.81852
-4.14973	-14.9926
5.59176	-12.792
-13.6495	8.33043
-3.80504	7.86718
-5.15838	13.4423
7.45831	9.72178
-7.99758	-10.6251
