-7.22795	7.73141
2.54375	4.72459
-6.9998	8.44078
-7.04441	8.28541
1.91565	3.97837
2.26915	3.54055
4.56164	0.23927
-11.1617	6.68835
-11.4348	5.11539
-4.84782	8.84512
4.36267	3.07777
-13.7989	2.8911
-13.3655	4.81719
-7.97953	7.36209
2.66123	5.51815
-12.6541	4.76821
-14.2747	3.4293
-14.0244	-1.46183
-11.4415	6.30083
-11.6574	4.865
-14.5678	0.705672
-7.80734	6.99655
-0.211096	6.49962
-8.07539	7.21559
2.2732	6.10109
1.67984	4.96377
3.48964	4.58469
-0.732314	6.53819
-14.0711	3.84624
3.30377	1.79791
-0.269663	6.02664
-14.3178	-1.49922
2.02965	5.52212
4.55356	-0.26925
3.82018	0.13404
-0.0523911	7.2407
-10.3967	5.63603
-14.5392	1.12329
2.28379	3.79454
5.19425	-1.154
-10.4295	6.17883
-6.63412	7.32661
3.96727	2.78548
2.5394	4.42479
-12.5747	5.59158
5.33168	-0.333579
-8.4921	8.11942
3.33398	1.50367
-11.4226	5.06424
3.18924	3.42125
3.65269	2.15236
-4.36714	6.99207
4.29974	3.75087
-12.6867	3.20754
-6.62612	7.4028
-2.19546	7.50083
-14.3399	-0.919776
-5.75335	7.94308
3.12045	4.29574
4.76703	-1.26575
-7.32633	7.92505
-13.0373	4.98111
-13.7001	2.18288
4.19642	1.94882
-14.6738	2.15091
-5.66735	7.66335
3.29522	2.76071
-1.99114	7.22297
-4.80734	8.18634
-10.5437	6.33068
3.88336	3.47769
-14.2461	-0.229111
3.96351	0.287425
3.99676	-1.17896
-13.1601	2.7568
-2.22832	7.7825
-10.7802	6.69027
3.78385	0.669913
-14.1449	2.39118
2.66279	4.44632
-11.1101	6.26965
-10.6811	7.29831
2.52026	4.66141
-3.6723	7.04953
4.4077	0.945897
-3.0797	7.2364
3.8282	3.24267
-6.92152	7.47854
4.38086	-1.06919
-6.75544	8.50469
-13.5882	4.14791
-13.9673	-0.297385
-0.119309	5.82344
3.03602	2.49045
4.20055	0.859389
4.40132	0.202402
-2.86819	6.83346
-0.845225	8.0304
0.926683	5.5713
-12.6721	5.15835
-15.7894	-1.33754
-1.98094	8.41902
-15.4596	0.502768
3.91511	-0.468665
5.59349	-0.913375
-13.3765	1.45015
-1.40291	7.06433
0.959182	6.6022
-8.40589	6.92387
-12.8899	4.12303
2.95812	4.61939
-1.83522	8.04079
-11.4701	5.41869
-3.38769	7.99923
-15.8021	-0.522247
-0.817081	6.42861
-1.3626	8.26592
-11.2256	5.0461
-14.8948	0.961356
-0.841994	6.31165
-0.567667	6.23097
-13.4563	4.38087
-3.56795	7.48049
-12.1844	5.17703
5.24279	0.0732284
-10.4121	5.85512
-12.3153	4.59311
4.79387	-1.88691
-1.43273	6.85986
-2.03124	6.8483
-8.02792	7.35964
-12.9104	2.5392
-4.92404	7.92376
-12.6358	3.85196
-14.4255	1.02844
-4.33744	8.86989
-15.1238	1.54354
-12.1224	3.66205
-13.4431	4.54575
2.54916	3.60806
-15.314	0.842632
-10.595	6.74317
-6.46532	8.46403
5.06958	-1.5094
2.9227	4.1613
-13.5135	1.84486
1.84811	4.36761
3.89684	0.533464
-14.0181	-1.36174
-11.8235	6.51686
-2.68085	6.86997
-14.5267	0.0766583
-9.92502	7.39843
-13.4738	3.98231
3.88416	3.49261
-6.59443	7.28629
-5.32225	8.41104
4.20918	1.57336
-12.5033	4.0632
-2.74152	8.17887
-14.8731	0.706738
-8.93316	6.37661
2.44234	3.26686
-0.932033	6.22661
3.19912	3.43142
-8.37195	8.04386
0.942397	6.20174
-9.96264	6.53635
-12.3114	3.81249
-9.45716	6.32193
0.154402	7.54595
-8.49448	7.46296
-8.0585	7.98126
-3.93315	7.46552
5.52805	-1.94332
4.47803	3.31774
2.87572	2.6829
-14.0424	-0.652483
4.5665	1.51239
-3.74894	8.72525
-14.0723	3.65326
-9.86101	5.77322
-6.44594	7.37331
4.20474	1.34026
-7.58409	6.98388
-11.935	3.86853
3.66468	4.71377
-11.4383	5.73501
-14.4568	-1.14254
-11.3362	5.73365
-14.4764	2.31784
5.50062	-1.2039
-4.59392	8.9252
1.39429	5.22454
-12.9826	3.21472
4.76493	1.29232
-13.6235	2.48777
-15.0875	1.93762
-10.9159	4.78892
-11.0135	5.02177
-1.52314	6.35964
1.06764	4.88164
-2.43237	8.49674
-11.3631	6.1721
-14.1627	2.88098
-6.98288	7.23345
-0.0130696	7.55375
-6.68591	7.83407
3.25882	4.62912
-14.1188	-0.461928
3.82636	4.15077
-0.865436	6.3224
-10.7907	6.03867
-0.0637039	6.05996
4.42217	2.1437
-12.0895	4.33086
-13.9317	3.21955
3.95857	2.1385
-15.0903	1.0351
-14.2839	0.0369429
-5.61842	8.12042
-5.29391	7.47157
3.82376	0.968235
-13.4915	4.40384
-3.74989	7.58177
0.203066	6.22112
-3.64089	7.16531
-4.29633	8.72108
-13.5199	1.59491
2.79006	3.52369
2.91686	4.11583
1.48165	6.8386
-7.94933	7.68766
2.65031	5.3489
-11.604	5.83988
-13.2091	4.26652
-12.8152	2.63561
-14.6103	2.34579
2.93232	3.73148
2.78791	2.51122
-13.9146	1.20627
-3.63065	8.25169
3.86291	3.32984
-12.7697	3.58131
2.94527	4.3381
-14.5158	-1.09889
-4.16647	8.8513
-11.8211	4.13299
0.767605	7.14539
5.78633	-0.363716
-7.44509	8.57633
2.80157	3.59015
-4.06937	7.39248
4.85436	-1.10202
-4.90454	8.11462
4.57578	2.71305
-1.90594	8.48296
-12.5988	4.19309
-14.3002	1.78246
-14.3437	1.26895
-14.5461	-1.95808
-2.05145	8.0321
-0.914873	6.11078
-0.00920943	6.3086
-9.55173	7.03861
-1.96833	6.58187
5.19399	-1.18715
5.01038	0.512791
-3.93766	8.02303
2.79751	2.75817
0.591945	5.40627
0.200224	6.3069
-3.86253	7.86729
3.71281	2.24648
-14.0301	1.11074
4.70796	0.271068
5.73522	-1.6101
4.37217	2.17503
4.69334	0.188586
-0.952306	7.63555
-2.86487	7.24552
-14.1555	4.09099
-4.39681	7.44989
-6.82264	6.83317
3.93091	-0.304734
3.32898	3.82178
-14.4871	-1.94493
-6.40506	7.45292
0.869637	7.21898
5.03812	-0.900162
3.25433	1.9775
-5.77768	8.69894
-9.35529	6.56936
-12.2959	5.52745
4.63864	1.51327
-8.06845	7.54332
-10.4158	6.72228
-7.2618	7.83632
-13.3946	2.66887
-0.655637	6.42353
1.82522	5.8788
-10.465	6.01546
-14.4805	0.617218
-13.3426	4.30437
2.20433	3.9267
-13.7086	2.48134
-12.5928	5.36834
2.38099	4.86023
-7.9455	8.43606
-3.43707	7.99892
-4.65264	7.79673
0.0142294	6.72437
-11.3265	5.50981
-4.62465	7.97188
-9.22385	8.14489
-1.79261	7.9661
-14.9908	1.73034
-7.19817	7.34001
-14.5624	2.7737
-3.29147	8.00232
-13.7117	1.30138
4.66682	2.1716
-10.0974	6.30509
3.38986	3.57923
3.75231	0.485555
-13.5802	3.21198
-6.50797	8.25875
4.15367	-0.427112
4.72697	-1.10664
-14.2919	0.233765
2.59614	5.88461
3.45759	3.78818
-6.96844	8.80224
4.801	-0.081967
2.90017	3.30891
-14.7762	-0.503201
-5.48872	8.92893
-11.9197	6.34892
-12.2571	4.09607
-4.91657	7.62215
2.20258	6.04823
5.39912	0.065938
-0.0317614	7.32856
-1.91959	7.06691
2.70955	5.6148
0.140213	5.77272
-12.9107	4.13598
4.86487	0.634922
4.04837	2.03543
3.84214	-0.042809
0.627903	6.14617
-13.9308	1.64579
-10.889	6.74706
-14.6782	-1.74364
-11.5589	6.49532
-14.5595	-0.272169
-6.30108	7.82194
-4.22777	8.85054
4.37754	3.13825
4.4792	1.44683
5.06343	0.406734
5.03708	2.47316
-10.4207	5.93843
4.73745	-1.60836
-7.77705	7.80769
-14.3195	0.599366
-12.8621	3.53322
-10.5842	5.21095
-13.8984	0.287961
0.527602	7.51028
-11.6215	5.07691
-1.08944	7.39544
3.15756	3.78265
-11.8275	4.89734
3.87887	0.229443
-15.7363	-1.00711
-14.2273	-0.987403
-11.2008	6.48633
4.07832	0.361307
4.04746	1.75609
2.34119	4.424
-15.0177	-1.57186
3.7097	1.24235
-3.38468	7.63042
4.79899	1.76328
-14.1706	1.60417
-2.15698	6.71247
0.528092	6.98193
-3.18203	8.58735
-2.35475	8.41239
4.55474	-0.334796
-0.980336	7.05996
-14.3367	2.86664
-3.06025	7.06877
-7.56239	7.00075
1.78884	5.31248
2.02647	4.42112
-5.94421	7.83364
5.55346	-1.22396
3.12399	1.91788
-6.28039	7.57793
-12.818	3.02258
-8.2659	6.48494
-11.1782	6.43905
2.83566	3.72714
-14.5043	-1.89788
-0.815695	6.08534
-7.96421	8.44231
5.02563	1.969
-1.58735	7.4252
-13.4525	2.26236
-4.87301	7.05858
-4.30504	7.81228
-11.8901	4.95065
-13.4812	2.50364
-15.7915	-0.0405186
4.54538	-0.233028
-14.8171	-0.480154
-0.388826	6.08097
0.837742	6.45818
-9.62266	7.46886
1.2265	5.86214
-11.211	4.86946
-12.5824	5.95807
5.30653	-1.37901
-14.1548	0.602399
5.00959	0.58352
1.63702	4.82489
-0.119908	7.16554
-8.13637	7.7604
-5.84026	8.06211
-14.3489	-1.45302
-14.8778	1.28507
-11.6196	4.8147
-11.9146	3.77508
4.80852	1.28323
5.84706	-1.93512
-8.38391	6.43872
-7.61034	6.92568
-0.172192	6.29049
-7.64078	7.47902
-5.66215	8.68665
3.96106	0.520103
-1.06887	8.18721
-13.7644	1.44139
-11.1762	5.67489
-15.05	0.70794
-14.434	-0.0581175
-0.168684	6.95155
0.100474	5.65625
-9.63548	6.41971
4.14055	2.83075
-8.32535	7.62655
-12.3575	4.37888
-0.0176011	5.73093
-0.719438	6.77685
-15.5188	0.482619
-2.49952	7.85135
-5.9235	7.83378
-15.6766	-0.114846
-14.7707	1.68535
-9.62189	6.61042
-14.8356	0.640616
2.90936	4.73175
3.2061	3.80299
-5.77088	8.69968
-0.52551	5.96534
-7.3183	7.05382
-5.29458	8.10024
0.824656	6.46405
-13.1808	2.79002
1.76555	6.57303
-0.188205	6.08646
-15.1382	0.0074943
-4.40554	7.51322
2.26353	3.80129
-4.90568	7.36866
-7.39185	7.50739
-6.74352	8.25728
-13.4836	4.9252
-0.982497	8.17996
-13.0765	4.41152
-4.57253	8.51791
-11.5607	5.26354
-9.80908	6.27162
-12.4253	3.32201
-10.9003	5.5235
4.01215	1.71204
-12.2662	6.20127
-11.7841	6.00292
-5.04024	7.92572
-11.6118	5.51492
-13.6309	1.28094
-8.03534	7.8972
-7.47752	8.32353
-9.52672	5.92706
-12.9592	2.66809
-1.539	7.02011
-6.94905	7.63059
-13.9404	-0.569031
-0.440399	-6.19199
12.0328	-4.33712
-3.96551	1.14134
-4.48647	-1.23348
-0.250294	-5.87902
6.14584	-8.6967
12.1537	-4.41341
-1.55898	-5.56373
-0.916124	-5.44116
-5.38462	0.576583
-3.28927	-4.42398
2.54958	-7.86897
1.08203	-6.87736
13.6903	-4.43307
9.07923	-7.98169
-0.383252	-5.59014
-5.21835	-0.629411
13.8967	0.398519
3.88526	-7.21914
-3.79882	-3.26533
13.3485	-3.31282
13.997	1.08474
-4.29224	-0.479254
-3.45094	-2.98275
13.6535	-0.775261
-0.740298	-5.17698
11.4793	-5.52528
0.110817	-6.9811
13.8334	-0.656565
1.86194	-7.49029
5.81482	-7.61262
8.76809	-7.31997
14.4873	-1.96967
15.0814	1.44737
2.56524	-7.74905
-4.62272	1.28387
1.57519	-6.41247
-0.694159	-5.48034
-0.494825	-5.95798
-4.29384	-3.8576
-3.56482	-0.905711
14.0039	-3.17447
13.8396	-0.0374992
14.3099	-0.217527
-2.70692	-4.05103
13.6315	-0.870411
12.342	-5.82602
-2.17788	-3.4953
-2.74919	-5.43293
13.8763	-0.128226
-3.4226	-3.11385
7.66415	-8.55195
6.28744	-8.61915
5.48189	-7.68713
-2.63884	-3.6184
14.1995	-1.157
14.3653	-2.98698
-2.90362	-3.26344
0.805766	-7.35817
12.7039	-4.38569
0.89566	-8.0192
12.5156	-5.71612
14.2746	0.598627
1.72717	-7.72778
13.4033	-4.10861
12.7759	-3.4145
11.365	-6.95069
1.76029	-6.80106
3.68223	-7.35482
1.55435	-7.30973
14.7166	-1.92011
12.3385	-4.70355
13.1565	-3.98215
5.33862	-8.63879
-1.17071	-6.69494
1.32945	-7.35352
15.4207	-0.481228
5.71076	-8.8167
13.2505	-3.79201
-5.09329	-0.630445
8.31622	-7.94236
3.34923	-7.27104
13.886	-3.61318
7.6564	-7.82094
-2.32403	-4.6852
14.4039	-1.0183
-4.23262	-0.549466
-1.60416	-5.87787
-3.76457	-1.83857
-0.508518	-6.05664
12.531	-4.0162
-4.39635	-1.96872
5.57987	-8.53545
-3.76362	-3.45279
14.0398	0.412171
13.4222	-4.84972
15.2929	1.50482
-4.6807	0.0494685
-4.41367	1.12347
14.2769	-1.41588
14.0479	-0.190384
-3.6723	-4.2299
13.9239	-3.74513
14.7559	1.12601
-2.6563	-3.87931
-1.15757	-6.03068
-4.8058	-0.859308
7.18571	-8.10742
3.0435	-8.61814
4.80479	-7.56407
11.5849	-5.14912
10.374	-6.23428
-4.84141	0.457064
12.6555	-3.14204
12.227	-5.90423
-1.82306	-5.00763
14.6737	-0.425921
14.7131	-2.11559
9.76055	-6.8445
13.866	-2.05406
14.2969	-2.09786
13.1082	-2.48058
-1.02724	-6.62207
11.0739	-5.63046
-4.98521	-0.904921
4.81376	-8.76373
8.41318	-7.48052
0.629306	-5.88779
-4.74579	0.763889
12.8624	-5.39744
15.6754	-0.243793
12.9132	-4.27352
-5.18939	-0.442134
7.78001	-7.76247
15.4361	-0.298159
-4.53783	1.3391
12.3694	-4.20877
-2.87542	-4.24774
9.78394	-7.57901
-3.23346	-2.42481
-0.0807911	-6.19479
-1.93781	-4.35736
-3.82374	-3.16648
-4.8033	-2.34614
7.85044	-7.06752
-3.82596	-3.19344
-5.52287	0.824347
15.391	0.0595338
-4.0095	1.05665
9.41096	-7.8541
1.22805	-6.90778
5.08918	-7.81748
6.67235	-7.70763
1.34958	-6.28581
6.98169	-7.31357
13.9556	-1.61877
1.09716	-7.22129
15.3699	-0.122426
13.9344	-1.15324
-4.0784	1.68782
3.86313	-8.41702
-2.57517	-4.9291
1.86872	-8.43016
13.2361	-4.83156
-1.08996	-7.07153
-3.6123	-4.77518
-1.79784	-4.29076
9.24064	-5.98495
-2.98951	-5.05537
-0.646227	-5.14254
13.4437	-1.75862
13.7486	-2.23361
5.94458	-8.22009
0.852361	-7.09136
8.26449	-6.82458
-3.87979	-2.61771
12.622	-5.62412
6.19641	-7.44549
6.26571	-8.04174
-3.92516	-1.01298
9.7178	-6.67122
-4.55049	-1.25009
14.4952	-0.717753
0.386167	-6.57928
-4.38981	1.40698
-3.91588	-0.0792118
-2.70207	-4.19534
5.46049	-8.42648
8.65928	-7.15623
-4.44058	-0.0590564
8.12601	-6.91518
12.2455	-5.48283
2.63884	-8.39396
6.10483	-8.37517
15.0433	-0.639747
14.1435	0.827675
9.49029	-5.81992
11.1761	-6.43456
-4.53986	-2.11471
-2.69808	-4.05336
11.9487	-5.76992
-2.20385	-4.69961
-3.09112	-3.14191
10.6254	-5.68274
12.5987	-5.24077
-2.46541	-3.80507
9.09052	-6.80964
13.8969	-2.0171
1.51598	-8.01049
-0.249247	-6.04264
5.69128	-8.22239
6.20913	-7.08681
8.33052	-7.17298
14.0502	-2.12379
-4.29846	-2.50265
12.012	-3.75057
14.5844	1.11737
-3.94451	-0.114494
-2.03156	-5.05306
3.45966	-8.73284
13.9815	0.0399056
13.1254	-1.98703
13.3632	-3.59186
12.7938	-5.24947
-4.39581	-0.327132
-4.30214	0.946605
-3.81735	-4.05193
-2.27364	-5.48083
0.423084	-7.49139
-5.40923	0.662137
4.43682	-7.21557
-4.22927	1.85362
10.7862	-6.16947
12.0892	-3.96994
13.1038	-4.57773
-5.50919	0.540831
-4.18192	1.93709
-3.73457	-3.1473
13.0079	-2.29658
14.397	1.89796
10.9782	-4.8675
-4.61527	-0.313189
-3.83576	0.0212701
2.87425	-7.20337
8.56003	-6.41956
14.0505	-0.367693
-4.16413	-4.00533
-4.18546	-0.0491974
13.6989	-4.48309
7.06679	-8.14713
14.177	-1.73509
-2.53461	-5.95498
12.3963	-4.62998
2.35757	-7.014
14.0901	0.835116
11.3512	-4.93143
6.93659	-7.45394
-4.14838	-1.16076
3.89538	-7.36252
14.5602	-1.05015
10.7452	-5.26776
-4.07506	-0.258109
15.251	1.37181
9.3364	-6.58569
13.9598	-1.37963
0.111516	-7.14229
3.00189	-7.23047
1.47859	-6.9801
-2.15331	-3.67954
9.71982	-7.57408
-2.41202	-5.04046
14.8097	-2.74253
1.00986	-6.36668
-1.81637	-6.55266
-1.24822	-5.93669
14.0066	0.781157
2.31444	-8.18553
-4.06013	-1.13016
11.9507	-5.85309
10.3041	-5.82482
13.1776	-1.79727
2.27941	-8.50546
-2.22048	-5.39402
14.6479	-0.929963
11.5176	-6.46852
-3.95715	0.628317
10.7113	-6.12088
0.276393	-6.94889
1.35711	-7.09849
-4.88673	-1.30636
6.94281	-8.02349
13.6241	-2.93776
10.2098	-5.76144
7.78681	-8.01483
-4.0623	-0.873088
15.105	1.01236
-4.24367	-0.693567
0.358257	-6.96005
10.5523	-6.34228
1.88726	-8.43312
1.78246	-6.92317
13.1068	-3.52116
14.7947	0.969188
-5.42901	0.407972
4.46289	-7.48739
6.53176	-7.29033
1.19049	-7.34635
-2.08979	-5.98836
14.0495	1.88699
-2.09266	-5.69134
11.8599	-5.50327
-4.40934	-2.06252
14.4063	1.75361
-1.36766	-6.91827
12.9088	-3.02279
-3.98013	-4.0684
13.1354	-2.96715
10.3494	-5.71593
14.3228	0.800588
-3.57452	-1.48121
-3.90659	-0.632645
12.8694	-4.87333
-2.22407	-4.21898
2.33031	-8.54172
-4.55771	-2.85585
-0.785204	-6.32557
13.621	-2.57895
2.59301	-6.88632
-3.93896	-2.92406
-3.2457	-2.71302
8.54662	-6.671
15.5733	0.822581
14.6831	0.945808
1.90168	-8.20828
12.1497	-5.00023
5.85331	-8.7996
-3.00211	-2.76163
14.5529	1.46027
8.75125	-6.46239
11.0603	-6.15605
12.0806	-3.74973
12.2144	-4.42658
-2.46099	-5.04028
12.9062	-4.12375
5.72691	-7.52404
12.4905	-4.3654
-0.305402	-6.66534
1.12898	-8.05394
4.28675	-7.83127
10.8792	-6.76813
7.68831	-7.6001
5.41179	-7.89599
14.5669	-1.02444
-1.29482	-5.59758
14.6447	-1.66125
6.30262	-8.76185
13.7464	-3.7119
-4.69238	-2.64364
9.70112	-7.36051
12.38	-4.40516
10.4697	-7.32098
-0.94033	-6.37965
13.3798	-2.58786
6.9119	-6.81337
15.4434	1.12968
-2.91585	-4.86423
13.8842	0.540825
-3.37681	-3.77218
12.6202	-2.92088
1.14987	-7.3745
10.2198	-7.65989
11.959	-5.7236
14.5254	-1.79914
13.8763	-4.16236
-0.507327	-6.74076
8.67215	-7.0987
10.5177	-5.7877
-4.44935	-3.1867
13.3264	-1.93053
7.29114	-7.32975
11.16	-5.64908
7.05124	-7.48041
-3.58106	-1.17707
8.21755	-6.88177
8.78592	-6.25635
1.18855	-8.06136
-4.5019	0.405967
14.0934	0.902852
-5.55713	0.972567
-5.19867	-2.05873
14.4769	-3.29314
10.5731	-6.90661
2.63229	-7.29734
14.841	-2.76316
-5.27338	1.9117
14.8643	1.49444
14.7872	-1.50743
10.6321	-5.48574
-4.28821	-3.31897
-2.65643	-4.02664
0.495794	-6.01108
6.77402	-7.72665
-1.55021	-4.36159
2.1922	-7.3085
-5.66186	0.109796
-1.44926	-5.99252
-1.65356	-5.31621
8.28184	-8.41872
15.114	1.01022
4.52494	-8.01102
13.919	-2.60248
14.5776	-2.95022
5.11571	-7.77024
10.467	-6.26413
4.42403	-8.39809
7.42716	-7.10124
-3.00278	-4.4645
-4.82577	-0.0031939
5.39068	-8.68945
11.9809	-3.70526
3.0605	-7.984
13.2339	-2.5257
-4.92519	-0.29693
6.98882	-7.51937
-1.20287	-6.20462
-0.235222	-7.25813
-2.11756	-3.8126
2.80435	-8.13939
11.9794	-5.27838
14.3859	-2.97234
7.46912	-8.17226
-0.47952	-6.28323
15.1033	-0.829598
14.4835	-0.330132
9.48004	-6.53451
15.0856	-0.604069
11.0149	-5.97425
-5.08927	-0.124249
-4.07334	-2.97519
12.6904	-5.71502
-4.88917	0.955014
14.7827	1.53357
-1.59313	-5.59764
11.2647	-5.78169
15.4879	1.09115
5.26776	-8.96196
-3.9043	-3.57449
4.25356	-7.67492
2.84138	-8.00542
14.4853	-1.36202
-4.86615	-0.161543
-1.22794	-4.64332
9.26007	-7.61459
9.7822	-5.8075
12.9264	-2.75031
-3.95078	-0.00333515
4.18212	-6.99166
-4.77487	-2.06815
-1.85934	-4.81728
8.62516	-6.33922
6.11893	-7.26801
10.2489	-7.4652
-3.97987	-3.92252
-4.87022	-2.12648
-5.06223	-1.60209
-1.13417	-6.19825
7.44337	-7.37128
13.0577	-2.4829
10.9058	-6.29754
3.20788	-8.20197
0.203192	-6.40096
1.22065	-6.41424
12.5677	-4.39458
4.92881	-7.90388
13.9463	-3.60703
2.69922	-7.94237
2.94276	-7.19213
12.3529	-5.79888
12.9323	-3.84661
9.82958	-6.95896
14.6254	-2.34473
-1.23047	-5.10973
-3.59355	-4.42785
-2.06531	-5.08124
13.9327	-2.95143
7.89167	-7.08491
-2.81311	-2.99164
-5.08661	-0.992916
9.88928	-6.32569
6.56943	-8.31146
1.3759	-7.97059
12.4353	-4.25024
11.6677	-5.28071
-2.7108	-5.79105
0.293647	-6.08683
13.5698	-3.90653
13.21	-4.77811
-4.27858	-2.72959
14.7546	0.470511
-3.776	-4.09447


13.2361	8.8964
12.9942	-11.1135
-13.6368	-6.21823
-10.7118	9.44876
3.91294	-5.99443
1.6549	-1.76461
-2.5556	-3.88296
9.14044	5.03491
6.19881	11.6214
-2.91521	-3.32247
13.1273	-6.81611
7.31213	3.60082
-12.1729	-2.25885
8.01722	6.13557
-12.3372	10.5615
-8.08688	11.7225
4.38757	11.9829
-3.1028	2.38328
10.1196	5.42155
4.13498	-1.43288
-8.68185	-9.67605
12.1075	11.9108
-10.7476	-0.281798
-11.7241	-13.5997
14.7837	-3.94233
0.456482	-1.50519
-3.46696	-10.8627
-0.0241637	-1.98006
11.5676	6.98559
-6.40163	11.1652
3.75083	-11.3284
3.97611	-3.12894
1.41869	11.9182
-1.58304	-6.73778
-11.3868	-3.94884
-12.1059	2.13151
3.76621	9.66362
9.79634	-4.02655
0.462462	-3.49924
9.8732	-7.32584
7.82445	10.6491
-2.60566	10.543
14.6692	-12.4085
4.43873	-0.913129
6.65886	9.5141
-5.11071	-7.64292
-13.8695	0.923704
5.67448	-2.76522
11.7171	5.84852
-10.4667	-10.2588
4.12979	10.9897
-9.10208	-10.7714
-7.99877	-12.6864
-2.65861	8.5873
-8.81394	13.7382
10.1346	5.9391
3.26931	-12.3393
-11.4793	9.65673
-7.51311	2.87928
6.64664	-1.90823
-4.425	8.98909
-1.07511	-14.2409
8.5675	-8.84367
8.39879	4.28198
2.40492	2.79155
-0.362892	-8.73943
1.49608	-9.78474
-2.42845	-9.89662
2.24864	9.40278
-6.07165	-0.362077
-7.32789	11.2611
6.21443	-11.6909
0.934994	13.4228
-7.98313	13.7189
-2.78788	14.1248
10.0209	-10.6135
10.6403	-12.335
2.08259	-7.26396
-4.82688	-12.1405
0.42422	-3.51246
-12.6532	7.24427
-5.94333	5.81787
-7.65	-0.0692736
7.02703	11.1733
6.13023	-4.82534
12.1424	11.7819
7.60385	0.166202
5.72636	11.391
-3.14917	-4.91895
-5.00266	-6.4635
2.64263	-7.01092
-12.8013	-1.79845
-12.0871	-14.6114
12.7605	14.0661
6.38058	-14.9224
4.42712	-2.45927
-7.4886	0.325431
-11.0745	-7.08097
-10.5165	-7.53157
8.10628	13.431
10.5973	-3.69764
5.00324	-8.86959
-0.333285	-11.428
-9.80356	-12.7924
-5.14907	8.86911
4.45519	2.09282
4.34584	7.6404
-14.3137	-8.43686
1.59485	-14.1731
-14.0433	3.76265
6.12762	8.20194
9.60225	-12.7631
-0.621016	3.59644
-3.67665	3.05037
7.20132	12.0313
-12.0432	0.545099
6.36064	-12.9724
2.99771	-13.9863
7.24693	12.1193
-6.7774	-4.96721
14.9759	9.56165
2.2379	-9.59232
-10.0193	4.07135
6.22275	7.45354
7.35254	-1.17018
-8.22573	-12.8596
0.0660879	7.11717
1.54419	11.3338
-4.47569	9.38747
-3.0665	12.8301
4.87115	-6.86494
-2.50627	7.56464
12.7712	4.79384
-13.9414	7.99595
-12.2182	-10.0921
-14.1894	3.12619
-10.3027	-12.6152
7.99557	-10.931
-3.48565	8.5771
3.90852	-14.0889
-9.38491	2.897
4.40335	-8.69897
-0.625505	-0.953033
-5.31148	-2.78076
10.4346	-0.279626
2.09194	-8.48137
-1.91723	-9.55261
2.38585	-9.27427
-7.43287	7.37308
8.99628	4.92102
3.31058	-2.50697
-9.20721	-6.93246
-11.315	-11.9877
8.89289	-6.48674
2.11465	1.85294
-8.63407	0.614871
7.41962	-5.26559
13.8767	-1.81552
10.1711	-4.12206
-14.4275	1.32128
-13.6039	6.32558
11.7848	10.8571
3.41369	14.1388
-9.88715	-11.9514
-13.6386	11.0425
-6.56067	-3.9282
2.94923	0.665491
-13.6432	-5.23188
-13.1147	5.036
5.22299	-0.891362
-4.48113	-14.5083
10.4742	-10.2766
-10.2949	12.5379
0.768484	-2.76994
1.53183	-11.243
12.0828	3.51186
-4.55681	10.5121
-1.2283	11.1034
-10.346	-6.06737
-4.52278	10.5591
10.2746	-5.64149
-14.0221	-0.18377
-2.90059	-11.8335
-0.348754	-14.456
1.31201	-9.71483
1.96622	8.55806
2.6716	-9.87003
-10.6327	0.106172
1.31394	11.8203
-4.93303	3.4441
-11.933	13.7742
3.59225	-8.7264
9.292	10.7731
-11.2864	-9.41341
-2.76978	13.4685
-3.56224	4.79638
-12.8561	-9.4167
3.74658	-5.25574
7.53003	10.9557
-1.16135	3.90782
-6.36421	-13.5745
-7.42743	-6.36739
-6.55515	0.170105
-4.55609	10.1761
-10.8861	4.86612
-2.02159	13.85
-10.1674	10.2604
2.54964	1.63102
-1.58003	5.47668
-8.06989	-2.27706
-1.59901	-2.72542
-7.87991	-7.2099
-0.573385	11.6172
6.9539	0.101543
-0.715719	12.5128
-14.3993	2.13913
-14.6667	14.8428
5.6152	0.463646
-5.71248	-0.583742
8.65845	-5.82496
-6.51678	-11.0925
-10.1916	3.59594
10.2466	11.012
12.0493	8.40503
14.2602	10.4658
5.59862	14.9544
13.7401	-14.1596
5.52169	-11.107
1.16729	-2.23262
-6.54057	0.946674
-13.3927	5.5288
2.23497	1.39084
12.9471	-4.26328
0.336192	-2.57645
12.121	3.78932
10.0113	-11.9701
13.9961	-10.3012
1.19287	-13.7382
4.14967	-2.87201
3.61319	-2.73635
-11.5183	13.8184
-11.331	-5.03528
14.0142	-14.6268
13.8547	-12.1637
9.32206	13.5141
-4.57589	1.26831
13.5184	7.42796
-1.67881	10.5106
12.8865	-10.4418
5.99731	-12.2004
11.5848	0.0851277
1.28948	9.71623
-5.75472	-4.0145
-2.08989	-1.88197
8.84695	8.06019
5.16048	-5.81444
4.31383	-10.3546
4.60023	11.4918
-11.1274	-12.187
-12.4606	-5.05693
0.0576813	14.9711
-11.3929	0.436757
3.27015	13.8695
6.80941	6.55114
0.20186	10.4037
9.90085	-8.3299
-12.3987	-11.0565
11.2579	-4.11083
13.2175	-2.9769
10.3499	12.9377
5.10094	5.93318
2.3717	9.97349
-13.2073	5.24422
-1.08633	-9.74393
-5.52952	-9.53448
12.3586	-0.476059
-4.64461	-8.08845
-12.614	1.54687
-14.6536	2.50313
-0.897112	-8.72869
-8.51411	-9.21646
0.641558	-9.17554
8.98034	-14.0182
9.53696	-1.45212
-11.0128	-8.5827
2.72018	-7.41223
-13.8371	13.0045
-12.8487	-10.8026
-7.49271	5.37025
11.2984	-5.48782
4.93108	-13.2557
-11.4061	9.13158
13.6187	13.0806
-5.52942	-12.1597
13.7442	5.4343
5.21419	-12.7789
2.89154	1.71627
4.68739	14.3149
8.50851	13.6875
3.30942	5.36871
-10.0605	-8.71825
-6.16297	-1.9229
-8.749	0.24171
13.1835	9.1559
4.45786	13.6785
-13.7975	0.839699
-3.46094	5.92146
0.349321	3.08366
14.7007	-4.12108
-8.88601	-1.16871
-14.2106	-5.53012
-10.2758	5.31906
-5.38436	8.26567
-6.80687	-4.62955
-0.889769	8.40271
9.47515	-4.55808
7.54785	13.7875
-0.850082	-9.53767
11.7876	-5.59573
11.5043	1.49828
-0.542864	-12.0137
-8.05302	-6.25748
-11.1082	-4.72361
-3.58051	-12.851
12.582	-5.71442
-13.048	-11.8594
4.50393	-11.8934
-6.60778	-3.84361
-10.0985	-9.66326
12.0335	2.21382
-2.80782	-2.7895
9.06172	2.10969
-8.38878	-11.5927
6.81058	0.232227
-13.0624	12.6793
-2.49081	-14.7347
9.00044	-5.81092
6.05615	3.36426
-1.22882	7.65349
-9.0833	-1.16161
-14.8656	-9.26834
-10.0464	-13.7291
2.74202	6.59761
1.057	2.37181
4.26123	-4.86666
5.39871	11.6121
1.63511	-0.859694
6.33471	1.25396
-7.79239	12.1576
4.18859	-3.82933
1.0872	-7.6128
12.7781	6.79866
-8.34774	-9.70428
3.16386	-12.2364
6.53149	10.3223
-5.12021	-10.898
3.31528	6.57899
-3.06425	12.0276
3.34967	-9.03196
-1.65928	7.97726
3.80119	-14.2726
14.6792	-3.30823
9.56255	-7.78331
-6.1829	-0.609907
14.7297	13.6424
11.2918	5.10434
14.4044	0.94909
-1.59876	2.7887
-12.531	13.2895
-1.43783	0.350881
7.52549	13.1655
9.67224	2.62808
-11.9913	1.60782
-10.3547	6.26571
0.919603	-9.39407
13.4174	3.6227
-13.2335	-13.2067
3.39324	-14.046
-5.692	10.5358
-5.0362	5.66495
7.97399	-14.4539
-1.48799	-6.62799
-7.75117	2.69277
-5.86682	-12.1087
14.4139	-9.96396
12.0831	-5.8799
-14.7316	8.86158
-9.00385	-3.31148
-1.58048	2.86061
-8.51307	-6.17661
-14.2888	-9.52572
-6.67453	1.32449
-3.99603	-4.86904
-5.63099	-11.7738
14.8577	-3.51333
-13.9261	-10.1424
-4.84637	14.6221
11.8289	-5.43706
12.4425	-13.4965
-11.1479	9.56471
-1.14871	5.19584
-3.00967	-2.99988
-1.63229	12.7148
-2.42364	-0.137885
5.63977	2.53708
2.96563	-6.39832
6.60811	1.24085
-10.0039	2.24703
3.05945	-3.37462
11.7947	13.8594
8.75224	11.6435
-11.0505	-14.5344
2.99329	-14.8049
14.2724	-9.50756
-9.92362	14.8529
11.4658	-10.636
-4.09027	-5.89633
-3.66346	-8.77519
-13.4115	10.9959
-4.92117	4.97828
-6.27219	7.94711
5.39811	10.3263
-13.7318	-10.0747
3.6507	-14.8289
12.7106	-9.59519
4.06192	-10.5986
-9.64675	10.8725
-2.21551	-8.34981
14.1652	-0.796947
-7.00657	13.218
-8.43048	4.17467
2.86703	13.0364
12.0564	11.3139
-2.69717	14.7515
5.77103	14.9147
9.27703	10.5346
0.422951	3.42238
2.34864	-9.21973
-13.8052	-14.2141
-11.1943	9.09687
14.7469	10.6597
11.4381	6.14693
-13.6561	12.8494
4.09233	4.1234
10.3931	2.24711
-0.484372	3.55907
-7.23501	-2.08935
-4.50789	-10.5408
-7.94028	0.868554
-2.96705	4.05518
-7.45639	3.31512
-1.65284	-5.81108
14.3034	10.9134
-9.81916	-2.16641
-10.7996	6.80296
12.5862	8.35104
-6.8884	-10.0497
14.1031	8.85945
-13.5564	-2.70304
-13.7426	-14.6828
9.93262	-8.40879
-14.4145	8.52575
5.7537	10.0668
3.61506	-13.4848
13.2566	10.5034
-0.988275	-11.0087
-2.66857	-11.1151
-0.311837	-3.63708
-14.8079	1.21519
-2.10772	5.22545
7.06893	9.412
-6.37845	4.77308
4.20413	-12.0661
-14.2433	-11.2749
-3.29263	-4.01991
11.1846	-3.88718
2.73006	-1.78097
14.9709	-6.9851
-6.68595	-3.37056
8.55332	-10.3169
3.01407	4.72348
-13.4045	-5.51179
10.8386	5.25196
13.6351	-5.44972
7.91013	-4.40029
-10.7894	-3.82012
-2.24479	7.09199
2.18309	3.72931
-13.4792	9.83001
-14.8959	0.274764
-5.61068	-11.7571
12.5337	-11.9973
-14.632	-9.78479
-0.407104	-1.24972
-9.03422	5.91913
-10.4474	-5.1956
10.0439	-12.5016
-2.31761	-14.4524
3.32582	6.97893
2.78994	5.9386
-4.84582	-14.3578
-0.00361824	14.2771
-14.6833	7.57466
4.86914	9.13152
10.2503	8.05579
-6.12073	6.07113
3.79605	4.28483
-9.25987	13.9138
6.00145	-11.9294
-13.7992	5.45615
5.59838	-14.2553
0.167901	1.10106
-8.94019	-13.8917
-7.28328	3.05747
-5.97592	-2.44511
-13.4305	-10.0144
-11.1843	11.3996
-4.45129	9.13293
10.8798	9.29013
-4.82505	-8.05805
12.1733	2.52497
9.80024	-12.8123
-9.97807	12.8682
7.60382	1.54092
-12.7914	5.59983
9.44988	-5.56016
-4.77946	-6.02716
0.0160432	-7.08456
-1.14217	-2.90395
-12.4683	12.1346
8.79661	-3.75764
11.4804	-11.6092
2.84336	-8.73994
-7.14376	-7.76763
-14.4561	-10.5406
-6.58061	13.3777
-1.65948	-1.92668
6.80616	-6.89944
7.93665	14.87
14.8413	-14.3423
2.58126	5.58645
-6.50065	-14.9534
-1.44185	-0.13518
-13.3318	-2.76282
14.1632	-0.369112
12.3855	-14.7799
-5.40485	6.02176
2.08376	-9.80659
1.51472	-2.54591
4.72467	-6.31539
12.975	-8.56629
-0.289108	13.8637
-9.00754	0.607534
-11.3716	2.7236
12.3242	5.21278
3.91646	8.90013
0.0175633	-4.82123
1.76198	-2.26372
-3.2752	0.312879
-13.5926	-11.6151
-10.5055	-14.7574
11.9751	11.1421
10.4453	-13.7931
12.0652	10.4917
-4.92184	2.94231
2.86596	-9.24278
-5.29051	1.92679
5.19082	-7.80116
3.94473	-9.27285
-14.6224	12.6149
-2.06069	-1.81297
4.14336	-9.92992
14.611	-13.2704
11.7179	2.18158
2.17206	10.9637
-13.0983	12.5412
10.1041	13.849
-1.88462	8.93255
12.3983	8.92254
6.89717	-2.31776
-6.5441	9.40457
1.0216	9.52385
-0.198163	-12.4978
2.66949	-10.5393
2.96317	12.4159
-4.29174	-10.2944
7.21138	1.65382
11.5106	-6.88342
-1.16057	6.3657
3.34837	-1.86966
-1.31165	-9.09111
-0.82774	1.46755
6.54318	7.51066
4.68243	6.84932
-7.76749	12.7669
14.6511	7.33082
-1.35216	-11.5998
12.3048	-10.0592
7.41465	6.56829
-0.374447	9.95715
-6.78436	-0.598736
-4.84376	6.40037
-9.68643	6.33108
-12.3149	5.63643
4.20096	4.78097
-12.0078	-6.62175
-7.98194	14.8173
4.8625	-14.7154
12.277	8.60252
-14.1768	-0.155258
6.70277	10.5541
14.854	-5.16102
0.896342	3.09707
-2.71099	-6.42414
13.7858	10.2279
-7.73832	8.41646
0.697423	-2.46956
-1.23742	2.09522
8.27546	-1.50039
-11.913	-11.1211
-7.70658	-13.4643
-12.7652	7.24498
8.11789	12.8007
12.2696	0.773496
-8.72467	8.02044
-10.2179	-9.68815
-10.8442	11.6694
2.52075	-12.8541
5.90814	5.6198
-0.698699	-4.09235
9.19634	-14.8111
-1.0574	-8.40628
-0.0620221	-3.20891
9.52568	-2.81338
-10.4446	13.3353
3.62427	9.94612
-2.97908	7.02503
3.47156	7.76259
-13.9961	-2.47496
-10.3447	5.77837
-12.794	-10.4469
2.25265	4.73164
-0.854779	4.6194
12.8735	-8.10401
-5.46847	-14.8736
-4.9941	11.7233
7.03405	-3.30412
-7.87894	-7.01312
-10.6747	11.7944
13.2512	1.28989
-2.41472	7.05501
3.02837	10.9889
14.2804	-1.15871
-8.84544	4.48555
1.72314	-12.3376
-5.06599	13.4195
-7.59516	9.44883
12.5221	-4.39108
-12.4371	-1.73435
-5.98621	-2.43031
0.474092	-12.4199
-4.05639	-6.62908
-5.25946	6.82217
3.17898	8.80192
7.8369	-3.87035
7.4735	-2.01508
-12.4056	-14.5024
9.8822	7.00533
-14.716	-13.9442
-8.96414	14.7588
12.8631	-4.18772
6.93161	7.95814
14.3612	14.1531
7.35555	-6.23736
-5.80713	14.8191
14.1129	5.30494
-3.54976	11.9694
3.1218	3.40627
-12.3802	-5.02416
7.06674	-4.70859
11.12	13.9456
6.75002	7.41524
11.3446	13.5537
-6.84347	-10.147
14.0352	-1.58205
10.3161	4.61656
1.95571	-3.84206
5.90948	-2.49911
11.4672	-5.13393
9.46855	13.6421
-13.4143	3.5798
-1.38558	-12.4798
13.7439	-6.86402
-0.812465	14.4937
-11.4493	-2.11733
-0.237198	-1.16972
11.3687	0.771024
-3.96693	-6.81313
-2.06639	3.5421
-3.27135	12.5789
11.9187	6.64521
-5.63904	5.26484
6.18223	-12.6627
-7.36021	-9.14687
2.43972	-0.120183
-7.43483	-4.80803
4.83476	-4.59718
6.98885	-2.55791
5.76747	-6.48361
-13.762	0.705516
11.5743	4.59536
-2.46678	5.50875
-4.01219	-3.13304
-1.35794	-10.2265
-12.1676	-11.4141
12.1564	-7.77834
0.0756522	-7.73319
-5.42572	8.32585
3.35107	9.33852
-11.8998	-10.8824
-12.8089	5.59044
-8.42669	-8.08007
-13.8894	-13.7156
-1.20849	7.73668
2.89259	2.72965
14.3809	4.8422
-7.23713	-9.05446
1.5608	-3.56886
-3.37163	-3.71641
-2.15564	-6.03831
0.310644	1.22415
-4.57722	6.37212
11.1886	0.551008
3.04106	-11.6719
1.31697	14.5135
-6.1536	-6.69153
0.203327	3.90314
12.8544	-8.51271
2.92325	6.65554
5.1599	10.6745
2.39054	3.31991
1.41917	-6.85194
-8.28829	2.38985
5.57321	-1.14566
12.0814	-0.240407
-3.88591	-10.83
-4.87609	-5.73447
-6.35847	-9.16845
-11.0247	1.16514
9.77353	-0.155958
13.0086	12.0389
14.0024	6.29271
13.5345	-11.5553
10.1484	6.65936
-7.15633	14.4186
-0.380946	13.1482
5.73402	-8.02393
-10.4664	-11.4352
-8.99252	0.316114
-12.3221	8.29907
5.93942	-0.874846
14.1849	-5.99227
8.59779	-7.3948
11.8866	10.3843
5.26415	-4.72684
10.2947	-12.2049
-4.72959	-1.76376
-11.2912	12.8371
-9.28411	-1.38785
-2.20477	11.9598
-0.152515	-13.9776
-1.89419	-7.9669
5.13846	13.7341
12.4691	2.21403
-13.7242	-0.306166
6.5386	-11.6953
0.763646	-8.88522
-10.8532	8.19118
-10.1672	-14.3559
-11.0038	-11.6168
-13.5178	10.7816
-6.30417	-0.445408
1.95135	4.27904
2.73343	3.55893
6.33708	0.0520054
10.3474	2.14905
14.8425	11.2362
-9.05156	10.6503
-1.52163	-5.4547
-3.64745	9.86774
-8.98083	7.16711
4.86741	3.02646
-12.0199	11.3118
-11.4801	-6.63238
4.53483	2.04347
-2.98304	-11.9009
-8.36742	1.60247
0.989065	-13.57
7.04714	-1.79538
2.34751	3.77015
9.73362	-7.16444
-4.97464	-5.86974
-9.52901	-13.2958
-12.8939	-11.0574
-7.73872	-11.7345
1.26114	-11.0247
1.83565	12.1313
-11.7393	-7.26228
-0.596515	9.75102
-11.8001	7.75093
8.70811	-0.220282
-8.80077	-5.06079
5.35183	13.3853
-11.4701	-9.53849
4.19839	-12.9639
-7.93689	8.00748
8.42941	-9.18078
6.43475	11.1473
-2.55628	-10.39
13.5307	-6.49901
-12.9137	3.50046
-0.154199	-5.33157
-5.13431	9.83774
9.42614	1.56166
-9.1705	3.19271
1.9626	5.50746
3.56555	-13.1095
5.52808	-14.8122
2.74938	-2.96441
-10.8415	5.71639
-9.47071	-12.7263
-14.6611	1.48987
-8.08409	-11.4615
2.456	-12.939
-11.5225	-0.658972
3.06591	-3.52477
2.18909	0.469973
-6.07315	3.64465
14.5462	14.6918
2.30299	2.1649
2.29311	-0.569283
13.8513	12.4299
3.65602	-5.89824
8.43831	11.9958
8.85914	-4.67172
-9.29509	-3.89354
12.5424	3.89022
-11.908	-7.71079
8.1199	8.20806
-13.12	5.03648
-4.9559	4.7803
-6.11023	-8.54805
3.72345	3.14326
14.2562	-1.03178
8.62122	-0.89609
-2.94747	-12.0781
-14.5804	-1.8351
-6.06706	1.46137
-5.6059	8.93822
3.4955	-1.73837
-9.21663	-8.13142
-11.1503	-7.527
1.97377	2.1516
-0.753347	2.97545
4.91791	-5.86913
1.75999	-3.49108
-11.3668	8.76387
6.15975	2.9811
1.36607	9.53624
-2.69348	-13.2898
-0.906439	14.2906
0.0230747	-1.9366
13.8204	0.058432
-9.83659	3.07124
-5.68438	7.86886
4.44876	3.13698
11.9931	-14.8195
-7.89917	6.94038
13.0408	13.5789
-6.60769	0.556229
0.954903	-9.70073
12.8417	-9.97179
-10.8846	11.2254
2.88298	4.84683
3.44723	2.00172
10.5318	-4.93065
10.2001	12.3933
8.3154	-1.28329
-3.6995	-8.44983
4.12477	8.79312
-14.4923	4.74465
1.67452	-3.13825
13.6001	5.93776
9.22125	-13.6828
4.69923	-7.08284
-14.9146	4.02409
0.304734	4.32007
-2.72652	4.5339
-10.3655	10.0377
0.154958	-6.5607
11.3133	-7.42726
5.58893	1.77817
-4.56951	-1.97578
0.344411	14.9066
6.50258	-13.7738
-9.52103	14.7988
-13.349	-10.3625
-4.16052	-3.80943
11.1894	9.5064
-7.12234	3.49952
-14.0526	-10.4041
3.95102	4.40919
-1.44885	11.9469
7.10616	-4.26591
8.90364	14.7771
-14.4138	-14.2209
12.0034	11.1596
13.5473	11.6283
-2.84377	8.15655
-3.37099	-7.59023
7.87353	1.22663
8.85548	10.8676
-10.3204	8.69376
7.80988	1.53302
14.8285	-0.114723
-8.06431	-6.44567
-1.65467	13.2745
-8.76632	8.53028
0.618942	-12.7577
-0.926364	7.35627
-0.851956	9.80119
-13.1873	-7.31638
9.71935	7.11535
7.10277	-9.65503
11.7369	-3.79063
-11.7036	3.46409
-1.07973	-10.8383
-3.51694	7.80446
5.20936	14.5218
-3.83318	4.32331
-4.00844	-3.22895
14.1422	-12.2431
5.11208	3.51674
7.04001	13.3238
0.843217	-6.96352
-3.15886	6.82267
9.5969	7.57096
-13.0418	13.872
14.3859	-2.31279
-1.08882	11.0648
-8.35454	7.36677
9.10422	7.17747
6.80424	13.5805
-5.45419	-1.45652
-13.594	-4.5402
2.18796	-3.4615
0.512864	0.847246
-2.55649	6.04784
6.72756	8.46422
-7.30783	-7.29769
3.99365	0.0173853
14.1119	-4.31844
-11.2399	4.63001
1.782	5.47002
8.89537	8.0806
1.67621	-5.12808
8.31289	-12.383
-2.10288	14.2378
-0.179917	12.9874
11.8391	11.7447
1.47945	12.2695
-9.81732	12.5907
-13.8243	-1.11981
-11.2073	6.29704
-14.1626	-11.1127
-1.92082	-13.5426
-5.70742	0.220935
-5.93285	13.6055
11.5149	3.04308
11.7504	-14.2926
4.28599	-2.07363
-2.57178	0.499261
-14.6178	-10.0675
6.19557	-9.30668
14.1575	-0.696374
9.48392	-2.80047
-7.00798	2.95339
-6.68556	-0.475433
-10.1598	-4.48801
-11.9752	8.16835
-14.4735	-12.0881
3.31731	8.62535
14.5195	14.9298
10.386	-3.4814
14.3537	10.0645
10.2572	10.1552
-13.781	-6.98387
-7.49386	10.4067
10.1292	11.6697
-10.7798	-12.0205
-2.29437	-5.85119
-3.04302	0.026879
-1.68503	-3.02382
-12.8853	-5.18189
-2.4002	10.6388
-2.79361	6.71226
-2.296	4.35777
-5.84832	-2.25946
1.37947	7.86548
12.0862	-12.0389
11.9035	2.6768
11.9497	-2.51331
8.15847	-14.6524
10.9907	2.40545
-13.0193	-1.79758
-7.08928	7.73722
-10.4996	13.7981
12.753	-11.8845
-1.91214	-11.3535
-12.6232	7.91431
-1.01483	7.85272
5.9541	7.16423
9.76918	10.6434
9.10249	12.1332
-3.54523	-1.71082
-9.37859	-12.4433
8.41767	-1.99651
-10.2211	-5.31716
-3.56255	-0.447288
-1.611	1.59095
12.084	-0.823594
-3.69317	-10.2012
12.2308	-4.61046
5.32863	14.4444
12.5883	13.3905
12.9653	-12.0798
-11.2118	3.02767
8.93865	2.61982
10.5834	-4.76097
9.98265	1.07105
5.12651	-11.2399
6.37705	5.46692
5.7522	-3.12451
-12.6101	-0.827343
2.53342	-11.8857
-3.13193	3.15668
-12.633	-14.9714
-12.8145	-7.47097
-13.7715	4.46069
-10.3751	-5.53862
8.87949	-10.074
0.396166	5.59084
-6.09607	-7.80154
-3.3352	4.99059
-12.2265	11.314
0.269299	9.43083
-1.36399	7.93872
-14.0499	-13.0788
-10.3745	10.9531
13.9681	12.4809
-10.8069	3.74886
1.8392	-9.52328
11.0014	13.6807
-3.88158	12.6917
-3.32109	-7.0797
0.0120757	-5.90683
9.73385	5.14107
0.143981	-0.132894
1.30659	2.76895
-14.1668	4.00907
-3.0203	12.7135
-6.07884	8.72306
-14.0149	-3.72562
-13.8787	9.51305
12.7339	0.41653
1.33158	5.76025
6.22259	6.43148
-9.89418	-8.06502
7.94342	10.4103
-7.84819	-1.23278
-9.51255	-11.6966
6.00955	12.174
9.89884	-11.7252
1.28433	-6.90074
6.16657	1.41607
-0.654589	-5.34782
-7.65144	4.45399
4.49792	13.7642
0.974005	6.17338
6.81875	-8.0794
-11.1322	-0.0405987
-13.4091	-13.256
4.33693	6.22445
0.530707	-1.71412
-7.48106	11.8375
-8.50919	14.8298
-11.8785	-0.706137
-3.64929	-4.54628
-0.509957	8.39131
12.1028	1.40089
-4.17337	5.01868
10.7557	7.29033
-11.6813	10.7126
2.26666	-13.203
11.4967	0.588232
13.2659	-9.67906
1.09315	1.765
-13.816	4.40361
-6.18274	1.12412
-4.38218	8.40699
6.55038	14.9116
-4.17273	-5.26043
7.70963	-5.26924
2.84534	6.73914
-7.11968	0.0144742
-3.62065	-14.7912
-12.5727	-11.7248
-6.4584	3.63171
3.53031	6.72796
-11.6706	-0.712776
-7.47877	-14.7385
0.872134	6.76663
4.46335	-13.3017
-13.4421	-11.0846
8.71417	-9.73727
2.93171	3.52117
11.5451	4.57176
13.1824	-13.3865
9.60885	5.79377
13.1122	-2.64758
-0.833125	-10.5914
-9.75152	5.09851
13.5	0.721883
-9.27543	13.3438
0.133125	-11.2018
4.1604	-1.58525
8.41708	12.316
5.38053	3.63978
3.56471	-1.33903
-5.30361	9.45236
1.50898	13.7457
14.8806	3.31799
6.66068	-10.961
-12.3252	-9.31007
-7.77105	-10.7243
1.93611	6.00396
9.75599	-2.26444
-9.09627	8.6021
-1.16716	-12.635
12.8705	-2.99144
3.05848	10.5623
4.03074	-14.9937
4.00227	-13.8247
-6.57014	-0.737351
4.76011	7.25361
-12.9554	-3.50546
8.16695	-0.346518
-0.377149	-3.687
8.68163	-13.6066
-6.34768	14.1195
-11.8745	3.21073
11.6702	4.39639
9.41774	4.59283
-6.55141	4.22796
-7.00528	10.4689
-14.0804	3.63417
10.8154	-13.2565
-11.228	-5.71798
-3.66733	-14.1662
-6.35395	-8.80715
-8.43913	2.99761
-12.3778	14.4027
-2.23201	-0.929533
13.0043	-1.53964
5.83563	13.9603
0.961675	9.07398
-6.86852	-10.8328
9.86556	7.04748
-10.3983	0.124346
6.2855	1.94941
-12.5082	3.70221
3.53061	2.59423
-4.90652	-7.352
-0.602257	-9.12317
8.46585	6.01513
2.23824	1.54393
11.069	2.14406
10.3331	-5.18001
13.8203	-4.71029
-9.08518	8.5404
-4.4785	13.2978
9.58921	-3.67452
-3.86803	5.05233
6.03608	8.70297
-14.9046	10.6196
6.3092	9.27235
12.1626	8.42188
-3.98719	-7.79512
8.52143	-6.50621
-1.7702	-7.06418
6.19853	5.27113
13.7444	-6.01975
-2.49294	7.34601
-12.7201	4.0542
-4.90034	-2.95033
7.02385	-9.77442
-4.99372	5.95301
-0.0285426	-5.23701
3.77353	9.55639
-11.8645	-1.24976
-14.8514	9.90228
0.535063	4.91822
4.42238	11.3313
-4.9005	-5.748
-7.20153	13.8675
10.0301	-6.7305
3.67972	12.8372
-5.27431	-8.10814
11.0662	-13.5452
6.766	4.43213
-5.82363	-3.28093
-8.05042	-0.671426
12.5643	-14.0882
9.46355	-7.36092
-8.2841	-4.70104
9.62757	-3.70909
-11.9845	6.36446
7.90067	-2.01362
0.331334	1.25618
2.51884	11.5521
-10.7779	-7.79288
7.15909	13.7749
1.34815	-13.7204
-13.272	5.50006
-2.76808	-13.7244
-7.15462	3.27647
7.98947	7.58833
-5.97478	-8.36073
8.49905	-11.4812
13.8019	-4.33351
3.03623	-12.6213
8.82197	-14.6831
1.75193	1.28174
-8.14955	11.3957
-3.17986	-1.60096
-5.01762	10.7297
-7.65065	5.41292
8.37822	6.93199
-10.5662	10.0638
-3.62905	-8.26038
-11.4942	-14.2969
-12.2236	-0.37252
-12.0889	0.318016
-12.0572	-11.6297
-11.5389	6.57208
-1.58714	-13.5579
8.37518	14.6798
5.98251	-2.57557
-11.2618	-5.56055
-2.25801	-4.4669
12.7176	-6.85979
-13.0461	-12.1716
5.2123	10.0103
0.575489	14.8577
-4.15127	4.1709
11.387	-7.55203
-11.7044	-2.53402
-10.8027	-0.0440502
1.75613	-13.8228
1.44922	-14.0159
-13.1124	-3.14559
-5.35951	-11.8374
8.29497	9.52325
-14.208	14.256
9.83137	9.65382
9.15947	3.22888
3.4784	-4.7304
0.662251	-4.06133
13.1673	-10.6888
-1.92243	-4.66538
1.25328	5.83719
-11.2274	12.5298
0.20328	-13.9958
5.06079	4.26972
-1.63661	14.8894
6.87173	3.30288
0.142294	10.9749
5.93758	6.63966
-11.8501	-9.56912
-5.13786	2.55596
-9.97736	-7.7879
13.8322	3.12836
8.35246	8.47344
12.001	-11.7004
8.68646	-6.16822
-7.97831	-13.6396
-6.11337	-0.435184
13.6123	-3.34375
-12.5754	3.1001
5.87403	-8.59917
-6.19001	-8.77678
14.7483	14.3455
-3.5327	-14.8862
-9.96077	-14.0657
1.7348	-13.322
-2.78681	3.16375
11.5555	12.4626
-6.65702	-5.20664
12.5083	-7.92718
-9.27573	0.714781
-12.2351	11.6077
-11.5895	7.0641
-1.37206	-5.4321
-12.4714	2.09525
12.7971	1.87529
-7.68813	14.5481
4.03567	4.37993
14.1374	2.17196
13.6874	13.6773
-14.4926	11.3143
-9.96734	-11.6998
-9.79131	-11.5196
-11.2146	5.77973
1.51099	-0.123451
8.79859	-3.98622
4.98788	-6.48573
-0.324901	0.671745
-11.2504	-13.2852
-4.86869	-1.24882
11.3813	-8.72268
-1.68941	-5.76186
4.6148	-12.4478
9.72371	9.44389
-0.143422	-8.06574
-13.7813	-12.669
-13.2961	5.05167
14.5119	6.19057
-6.16324	3.28928
6.6262	-1.68417
-3.11093	-0.702753
5.3749	-7.19351
6.19287	-11.547
-13.0096	-8.95013
-7.14319	2.95575
12.6491	-2.73797
4.82549	13.7642
-3.01678	-7.90939
-7.30207	0.573529
11.8572	2.25339
-5.74877	2.47482
-4.80053	3.1357
9.89251	3.26347
-12.4259	-7.32693
7.47228	5.98101
-13.7638	-10.3761
2.90634	5.77263
-1.32561	13.4967
-4.03103	6.12375
-5.26398	13.1084
-12.1836	6.03102
-1.89627	-6.15956
-14.5926	-8.04862
5.7569	1.57403
11.5841	7.00845
-1.57725	12.059
-9.89961	-6.01368
10.7319	-0.941434
6.80424	2.00077
-12.6691	-3.07251
-2.61573	12.5231
-10.3373	-2.23789
-2.75696	1.96215
-2.39848	12.9762
4.12041	-3.44033
11.2192	-13.0618
-0.0281097	1.08892
9.52267	8.39962
-12.4351	-4.60055
-10.1977	-10.2347
-4.86821	13.4979
11.6348	-2.35782
8.16937	-4.96687
-7.59499	12.1285
-13.0503	-12.942
3.49867	6.32375
-12.7926	-11.3563
-11.8161	-4.97362
-10.6402	13.9558
8.40243	-0.874124
8.70816	-14.5236
3.76883	6.17236
5.67598	12.1673
7.92231	-9.03491
-7.9902	4.16872
11.4988	-9.8033
-12.2506	-3.44152
5.26388	-7.83701
12.7667	1.40884
-10.9405	-2.17735
-9.92282	8.14126
-3.66327	12.9851
11.9448	-13.835
4.33253	12.3043
3.17659	-14.6201
-13.5663	-13.9416
10.5121	7.57498
-0.340453	8.40683
-12.7148	1.05821
13.3113	5.30722
-7.82739	11.5706
-2.65928	-10.5631
-14.9759	-11.0052
12.2827	12.0051
8.63618	-1.26013
-2.75014	1.70301
3.06592	-11.0773
-7.02254	-14.1678
-9.45739	-3.55899
6.0881	-3.19591
10.591	1.02341
6.11554	-10.6621
11.7821	1.13069
11.3348	3.62247
0.0539604	0.354142
-4.06959	8.00993
2.92031	-12.3527
2.37594	2.76219
-8.64801	-3.23133
-13.0244	8.15845
5.22475	8.56949
-6.29818	-7.54745
5.4517	8.3996
-14.4691	0.621252
11.6517	14.4836
-0.431119	4.52896
11.7757	-2.20636
-8.41436	9.4575
-6.29052	-3.87795
-5.98529	-7.68221
-5.21591	-13.9573
12.5795	-3.25099
9.89131	-10.5447
-14.9283	-4.07147
-3.47563	-12.8009
-14.7109	-0.0140754
5.59496	14.8696
-1.0027	8.98884
6.43391	-9.09152
-10.2648	5.59663
1.89552	9.08394
-13.8311	-14.3168
7.83629	-14.793
-2.53129	13.0567
6.33097	3.85226
-13.8705	11.3486
0.346458	13.1508
-8.26845	10.5427
-3.72085	6.3113
-3.9291	12.6282
5.61143	4.1772
-12.9555	12.7345
-6.37803	4.90397
3.72457	-4.49637
4.70497	0.571928
1.55012	-1.71008
-9.10928	-7.10294
-12.9733	11.2984
8.14723	1.8189
5.05266	-0.834179
-7.5078	-6.42596
3.68685	-11.4171
-11.6131	-13.769
13.27	11.1678
7.61514	-9.023
14.282	-2.23875
-12.7494	13.7473
3.33087	8.67141
1.68797	10.1007
-1.24149	-12.2455
-13.8729	13.1765
-6.64839	6.80614
14.0253	-6.23329
-7.95373	-7.02012
-4.13785	0.891761
14.7863	-9.32483
9.25706	-8.68039
-7.36139	-12.9001
-11.429	14.9474
-1.56096	-14.4754
-2.12636	2.91017
-14.342	7.9629
8.95345	-10.0693
7.46555	11.4356
8.26577	14.7295
-14.0663	-1.89799
4.72888	14.0975
-7.84039	1.11504
-1.77621	7.95931
0.104973	10.3566
2.31706	10.8783
3.58681	3.59873
11.8103	10.2068
-1.42724	5.22806
2.67993	10.8397
-14.083	-13.5746
-11.3202	-7.61941
12.4662	-11.5386
10.7334	-4.2104
-8.67947	-12.2933
-12.7859	-3.41492
1.89881	12.1083
11.908	13.8332
-0.743386	-8.72892
-12.3677	6.61126
-6.45708	2.03612
8.56913	10.4198
11.6603	-14.0173
-13.0944	7.20348
2.62517	-5.92464
-0.039333	-12.0389
-10.9189	10.4143
11.6227	-2.63433
-11.2674	3.75046
-5.36395	10.6386
-11.9528	6.8819
9.42582	11.5325
-3.95404	-2.03745
-8.739	-4.50644
1.56859	12.3101
-1.59381	13.8806
-13.7482	-4.06591
14.3117	-2.47275
14.7301	-6.20376
2.14461	13.8002
-0.386	-7.9274
12.012	-8.09911
-5.42215	-5.81917
14.0552	12.8078
13.9593	11.8681
10.1881	-11.6069
-1.79082	-9.07586
9.82962	11.496
-2.95497	-13.0422
14.0332	6.96267
-14.8405	4.53431
-10.976	-12.1005
-3.28905	6.65207
-6.50053	-12.6316
8.7376	-11.829
-11.7023	-13.9056
13.1427	7.81981
5.8577	-5.59069
3.10914	5.50223
-7.37569	-13.1119
-5.7346	6.69514
3.85133	0.108795
2.06848	-3.79267
8.88493	9.69375
-12.4462	-2.34514
14.088	-0.60543
7.80074	3.68648
-13.3309	-0.0306685
-4.67514	1.25877
13.1591	10.9868
4.59064	9.55603
-2.8133	-3.27256
5.12689	12.8975
2.26567	-10.1081
2.90821	-10.7442
-14.534	-4.57062
-1.07913	2.37888
-1.23932	12.3592
5.205	13.3405
-0.45058	-2.45273
0.875878	-0.76382
-9.45037	14.9529
-0.506146	1.26796
-1.76216	14.3289
3.32529	13.3675
1.28745	14.6863
12.0797	-13.2869
-13.0248	11.5936
-11.5364	9.76757
7.90874	-14.6071
1.00576	3.48268
-10.1672	-0.158206
-4.26649	11.0794
-0.849602	-13.8224
-3.08699	-1.42026
8.30153	9.82081
7.78613	-3.35156
4.97716	0.967945
1.77016	6.17877
0.00945716	1.00042
-10.4855	2.12011
6.23838	5.72667
1.25072	-12.5274
-3.74904	-7.06867
-10.3166	13.1181
3.85853	5.39101
-9.21156	-8.66706
9.77481	-10.6162
-13.2016	0.843372
4.11755	-5.14592
12.6879	2.2795
-7.72566	3.7751
-4.97732	6.33234
-6.11365	1.3868
6.07613	12.8244
2.11986	3.3538
-2.92558	4.48334
-14.4637	-3.76284
4.73683	-13.8963
-0.39258	-5.11764
7.23061	1.06911
8.93646	-9.21484
-13.8949	-6.38427
6.41271	4.2471
-0.443737	1.10504
-2.503	-6.39017
11.5072	11.1439
9.05221	10.1085
-10.9361	3.22172
-6.65226	8.59883
12.0993	-5.96691
-6.07334	-8.55382
-4.72169	2.43849
6.82829	3.16973
-2.05802	-4.69548
2.66864	-10.9339
5.32258	2.52602
-12.0932	-1.49399
0.785863	-14.0588
12.7345	12.5935
-6.67645	8.98522
12.213	-1.2669
13.0494	-2.68436
-3.60989	-0.820433
4.33424	-2.35472
4.58827	12.5828
11.8261	-12.2702
5.87478	10.5808
7.57586	5.64946
14.329	-5.95961
8.38419	14.517
-12.6383	7.36092
7.69456	-10.3429
1.00626	12.6689
-0.747827	-0.997726
-7.0932	-1.15959
13.5461	-11.8167
0.0159101	5.6988
7.10164	8.06535
-7.32926	7.68468
-3.26673	-6.17108
1.43213	11.4845
-13.3155	11.9652
6.45406	-11.8638
7.43553	-8.82305
11.0614	0.236787
5.10446	-2.0636
3.20132	14.1888
1.70816	-9.92125
12.8617	10.0278
-10.6067	7.21197
4.05726	-13.0886
5.93541	-11.5597
12.1473	10.0914
12.6825	-4.56824
6.81521	5.84677
-2.93258	-2.48324
12.3468	-8.2999
-3.28028	1.81994
1.77084	-10.5744
9.89103	-4.76201
-8.76102	-13.3003
-3.09526	9.43295
12.1867	3.41059
-10.8029	9.14987
4.18902	8.11492
7.72066	10.3877
-0.00246148	-3.24399
-12.7176	3.22494
-3.7104	0.0254575
2.84849	-12.6275
2.72353	-2.65767
-2.06489	-12.4968
-13.3546	-0.255947
9.17407	12.3856
-12.4048	-12.9644
8.80419	-6.70749
-14.7334	-4.48258
-12.6434	-11.0747
1.38896	-6.48698
-2.94384	-14.1441
0.436212	1.56576
-12.127	-2.66588
1.65851	-5.45377
12.2787	-13.3472
10.3677	13.4947
11.336	-5.29106
10.3189	-8.18665
-14.3953	5.50506
8.0574	-7.06383
7.39565	-14.3928
-0.837019	-2.09095
5.29299	7.38252
7.43193	5.80887
-1.64984	6.24474
6.27168	-13.4321
-13.7612	-14.9654
8.45014	8.68381
7.02459	-8.8303
10.0846	-10.7206
-12.4331	5.77293
-0.316154	-10.8658
-0.252291	7.7575
-6.93526	13.2745
4.04734	0.388994
0.502353	14.42
2.67814	-3.55947
13.1899	-2.50896
-3.22043	13.6355
13.9545	2.40948
-9.00508	-13.5512
-1.62625	5.88707
2.52577	-6.09424
13.0951	-1.91015
12.5483	10.2701
9.83327	12.8202
4.97298	2.26468
6.98353	-7.27694
2.14055	-13.8122
-3.92873	-11.1099
-13.242	11.6484
5.35309	9.70786
-2.16024	-5.91891
11.1656	-0.550189
8.58402	13.7939
-10.3902	-13.0224
-5.33283	12.3234
7.82694	-3.14314
5.63753	-12.7284
14.025	-1.03592
-11.3805	11.2126
8.70326	-1.84732
-7.93858	9.56201
11.2216	2.19649
-10.1795	-7.28294
1.01653	-13.8033
5.05527	-0.0880491
-6.77838	-4.70288
10.3212	-12.4051
8.42295	-9.83482
-4.64986	-6.97511
-13.6551	0.342605
13.6914	-11.8649
14.015	-6.72881
14.9063	0.833319
10.2513	5.12183
3.51371	4.42396
4.87652	-8.80446
-10.0493	-5.5938
-8.85715	-13.216
9.45944	10.0334
-5.00469	-1.66926
0.629146	-13.1452
2.11889	-3.22246
6.84942	-14.2515
-0.235182	-8.13187
5.15677	2.61002
-13.7308	-14.4584
13.2534	6.51761
6.39152	-9.27495
-6.10879	-1.13992
-6.83669	-4.10789
-13.2759	0.705403
7.83041	-9.56357
-9.45374	13.8246
0.228501	8.49325
-4.16504	2.92073
2.57146	14.1013
5.93083	-4.80133
5.97561	6.95632
-0.888743	11.6442
-2.85832	-6.77952
10.5819	-5.53396
8.66114	-11.4545
-11.2586	-9.51105
4.15342	4.75188
13.9233	6.32433
-11.5575	-12.6263
1.90272	-4.7489
-3.03835	-4.60036
6.01618	11.7142
-2.69401	-10.3171
-8.06923	9.86547
3.39438	-1.18963
-11.2815	1.17673
9.21816	6.79432
14.2965	-2.28978
-5.32786	-2.67557
-5.18473	11.5707
7.98412	-14.4443
-7.80131	-0.368381
1.31168	9.91011
10.3199	9.8857
-9.75454	12.6361
-6.79788	-10.4685
-0.445092	-12.771
5.53707	-12.9227
2.25363	-12.6385
-7.25044	-10.545
14.3733	10.0828
-13.6056	-14.9706
-11.4051	10.6147
12.8058	12.2405
-13.9447	-0.477083
-3.54596	-9.95664
4.72889	-0.748117
-13.6166	11.9212
-14.7513	-0.837974
-6.18494	-13.4232
14.8709	11.0583
6.00593	-12.6379
0.896866	-13.724
-12.287	8.0254
-12.7954	-10.193
-2.4275	11.1072
4.25409	11.2325
14.4325	-0.747869
-11.1882	-4.70672
-14.1709	-7.81825
8.20036	-14.0097
-3.69707	-13.883
1.9671	-7.32552
3.00358	4.66424
-3.50982	2.87548
13.6443	-7.17887
14.6176	11.0337
0.0802103	-8.57076
5.5256	12.8113
2.74566	9.43797
-6.68347	7.06021
4.56354	11.2371
0.131032	14.8458
10.6956	-7.69795
-10.8379	-12.6168
2.18424	-13.2557
-7.72	-3.51182
13.8074	9.34623
-0.184048	11.6527
3.88572	-5.21976
7.45293	3.36476
-0.608809	-10.6602
-6.71345	-14.8326
13.2299	-7.54608
12.9093	9.71142
-1.68133	9.96131
5.35935	3.95757
10.3888	-14.0307
-11.2754	-2.0702
-14.2712	-10.5528
-4.22859	-9.06934
-1.70647	1.62694
0.0742724	-4.10873
14.6089	4.75967
-1.05743	14.8047
9.86562	2.55684
-13.3428	13.9326
-10.666	11.1934
11.82	9.4572
-8.10325	-0.732046
1.01525	-6.15647
13.6985	1.3177
-3.21252	8.3423
10.2855	12.2015
14.3945	-11.4368
-3.48048	0.233263
-2.17012	6.51845
-4.5531	-5.90026
5.10968	-6.3741
9.67825	1.19356
-1.8061	6.41627
0.489113	3.43161
4.0047	8.54848
0.297806	7.58189
12.8683	-12.3323
13.7525	5.69109
-10.9497	-13.3854
3.17192	-2.27302
3.54236	12.3977
13.002	1.33471
-6.32124	-11.6355
-6.72294	-11.7832
12.1914	3.86935
-11.1558	10.4532
12.0723	13.4349
-4.88062	8.91713
12.4304	4.63252
3.39856	6.82461
11.1961	-2.11119
-8.07934	-2.19353
12.9992	12.3021
13.3036	6.59807
-3.95226	-7.52309
12.3693	-0.803875
4.22659	-5.47893
6.41995	7.43403
8.90295	13.7297
9.51207	-2.61479
-3.76801	-11.5953
8.18072	1.43978
12.2318	-4.33246
-1.67083	6.83822
-10.2975	-8.78779
3.27815	-6.74998
13.9236	-2.90879
-10.3836	11.7405
8.57609	-11.2217
4.83126	-14.4267
-2.78223	-2.19647
-7.739	-9.92971
-14.7743	4.29888
-3.16505	5.4275
-12.115	-14.2816
0.577714	4.18467
-0.208819	-12.5241
-5.5949	2.12433
-13.1923	-7.34747
-7.14274	5.92351
-7.21184	-5.11469
-4.19485	-9.63627
7.13812	-13.749
-2.39161	13.8706
-9.72646	6.73851
-14.5412	-10.8008
-3.03594	-10.4344
-11.6379	-9.65881
-3.74445	13.0078
-1.40783	12.7397
2.82091	-9.01407
-11.7806	9.70585
12.87	-8.86248
-1.99903	10.5103
11.0672	-0.0987014
-9.83482	9.61781
3.63315	-9.02449
13.7629	-4.24822
-4.58551	10.9553
-9.70444	-9.93017
9.17041	-1.20446
-8.4401	13.5099
-0.0516371	1.95451
14.6158	-0.20035
-5.38409	6.00838
-1.76573	2.2588
-13.5234	-12.3606
-13.0316	-0.983663
4.09983	-7.09479
-13.5286	-11.5497
12.0321	-14.381
4.41137	-14.4666
-3.18282	-11.7999
3.09455	-3.245
-1.74641	0.7987
-0.482216	-10.5853
0.694255	7.09304
8.68315	2.61458
-11.1567	-10.778
-5.27897	12.2096
1.38222	3.53084
-9.11756	-11.0524
6.38393	-12.1943
10.8232	-7.08321
-8.08528	2.78743
-12.6233	-5.58626
-2.91273	-6.81515
3.84923	11.9649
-13.5813	6.81759
12.9781	-1.23334
-6.00578	-8.07549
-10.7971	-6.87369
10.9298	8.98547
2.67634	-8.12878
3.44788	11.9763
7.29979	-7.6901
11.9548	11.7107
-7.63675	-2.7707
0.310339	5.10702
10.2613	3.35199
5.36672	-7.19563
-4.39083	-12.8652
2.84024	2.49505
8.75971	-12.8526
-0.918967	4.39019
8.97464	9.67358
2.10823	6.22089
7.62467	7.6858
12.8919	-13.7536
6.66934	1.43544
-3.81107	-3.20643
-7.59875	11.1779
6.61158	8.32577
-13.8026	-4.52585
-0.969024	-0.491977
8.22893	9.11454
3.79723	-11.3537
5.53527	2.51082
13.9282	1.98758
-8.44755	-0.710999
5.96952	2.7343
6.18809	-2.42669
1.93102	13.5068
-11.5515	12.9241
-8.0759	-7.85898
12.7976	-1.16375
-14.8252	6.59808
0.711905	-10.12
10.8693	10.5072
4.95076	1.47686
7.06525	5.86207
-2.58206	3.21809
11.3057	12.83
-14.55	-0.0885508
-8.07858	7.7505
-12.3764	-3.73055
-7.14888	-2.67494
11.8632	-8.88439
-4.50131	-10.8051
-2.48858	-9.01381
0.351911	-3.24446
-0.0382252	-7.98078
-3.45757	-1.45701
-7.38614	14.1138
-1.80576	-1.64617
-9.14898	2.87537
-14.2434	-7.97837
-12.5878	-3.16884
-2.65489	0.56374
-5.27289	-6.90366
-9.97231	-12.4921
3.90465	-12.1118
12.7866	0.447532
5.27668	8.14567
0.258813	11.992
-2.24952	-1.59068
1.23388	11.0268
9.23401	-2.45408
11.7447	-11.1891
-4.1533	2.92013
10.2438	-9.36477
12.3355	-14.297
-3.36098	-6.0425
3.78572	9.71869
-7.37052	-6.46005
1.06193	12.0914
11.2591	4.57216
-2.6192	-6.49324
6.55068	9.19527
3.95988	-13.6564
7.28172	-13.7502
4.31778	-6.13905
-1.03995	14.2116
9.64889	1.69367
-11.4681	-10.3094
9.36012	-8.26743
5.59561	9.83996
8.64042	-8.98176
10.7647	3.48647
-1.61093	-0.916223
-6.73265	-10.0043
5.20612	-10.2662
0.834522	-13.5893
-13.9924	6.47444
5.64704	-2.4827
-10.4905	-14.3282
8.91564	5.00964
10.3362	-13.3249
6.63021	-8.90931
-2.81396	4.57058
13.0508	10.6579
4.2539	5.70741
-4.86337	-12.6728
5.99664	-10.9962
6.53527	-0.793761
0.0101665	-13.259
4.56844	-6.89023
-3.44759	-11.2615
-3.34302	-9.61449
-3.82055	3.86153
-14.8836	9.14931
3.33603	11.3219
-6.76981	-0.214462
5.07282	-3.07895
9.73631	-0.260058
-4.71242	-5.56551
9.3629	2.52646
-4.13327	-9.63427
5.60177	-13.0863
0.984167	4.98409
8.87114	0.833199
-10.5235	-7.28246
-6.76544	9.64944
-1.46104	12.3035
-2.09369	-8.89233
10.5771	-6.19197
-3.88551	10.1165
11.0007	3.91017
-8.35533	4.58301
2.4447	3.01583
6.9426	-3.05874
9.82218	-5.29612
-10.353	-12.8151
3.38393	4.99539
10.6425	12.3681
2.76157	-14.0387
-8.11618	-7.80846
0.862715	2.84643
14.1099	-4.98866
-12.1837	-6.65055
5.69799	-9.47418
10.0911	-13.1013
10.291	-5.87092
7.24716	-6.36217
-13.8497	0.102413
-10.4167	5.31764
-11.7016	-10.5637
11.4896	-14.1598
10.3613	4.33766
-11.8944	13.258
-2.50445	-1.06272
-0.331682	-14.7534
-0.179791	-11.6265
-12.0171	-10.4999
8.37326	1.65149
-10.1174	14.283
-7.74772	9.72848
14.5339	-0.412168
0.129007	-13.8767
1.72341	-11.0694
11.1835	-12.0326
-2.48208	-9.84392
-5.59379	6.18242
-5.73093	10.7812
3.84839	-7.32834
2.24976	-10.5113
-7.97988	12.6005
4.84752	1.39076
5.59482	-0.830835
-8.42731	9.33971
-11.0751	-13.1981
-14.5768	-5.23661
-6.13946	-5.65116
-7.20965	-12.4787
-10.4429	-6.64192
-11.6504	9.18169
13.8253	-5.68504
14.4899	10.0917
-4.77706	-13.8447
-1.76592	-5.46862
1.95665	-0.269902
-0.0824204	-0.257401
-14.0897	-6.93837
-6.15568	13.9886
14.2517	-11.7075
4.75487	5.37766
8.58864	-11.3614
-3.95199	1.99237
-7.02742	5.40692
4.45564	8.55159
8.69468	1.23403
-14.9793	-14.2818
2.98851	6.78288
-10.0828	-0.703022
-9.73745	-4.26535
-2.54523	-0.19268
-8.85281	-9.62215
8.1474	-8.65512
7.88365	-12.3356
6.94976	8.07784
-10.9781	8.80469
6.40778	-0.566096
-0.198706	-7.04625
11.8771	1.94623
-5.94041	-11.2853
11.7044	-0.210624
-2.76715	-6.36739
10.7089	13.2594
-6.0273	12.8645
-6.58196	10.9806
12.297	9.09237
7.22982	14.587
-7.36283	-7.7571
12.6345	-8.23405
-9.7859	5.4113
-4.6755	7.79024
-10.3364	12.32
14.6224	2.85906
8.67912	-4.3432
0.611004	1.09389
5.2414	11.8425
-6.2541	7.49247
-5.58817	-6.13508
11.4608	-11.8206
-1.64111	-11.3206
-3.36057	12.7767
12.988	-3.8236
11.1974	1.53883
14.7936	7.67134
8.94929	10.2244
10.8084	-1.51993
14.0664	8.47434
-11.2004	-9.41748
-1.65969	-0.752636
0.231144	12.771
-7.67491	11.7225
2.96892	3.98555
13.2116	-13.6778
-9.04027	-6.34235
-10.5751	-13.3815
14.4227	-10.801
-8.94353	2.4695
11.4989	-8.17631
12.7867	-2.16046
-14.8384	14.9006
-0.186373	14.259
4.83211	-11.3195
11.1269	3.41886
-2.96308	11.9954
11.0114	10.82
6.72753	-9.2011
14.7967	14.2995
8.68318	3.42497
-5.91417	0.152922
-3.33833	-1.12247
-11.5213	-10.1392
-12.6062	13.6534
-7.62658	1.19722
-11.9969	-5.03349
-13.8224	-11.5276
-0.683539	5.28031
-9.20959	-4.8427
14.0345	12.7524
13.8117	-3.57561
6.44214	0.377811
-10.3387	-4.81469
-3.50339	-2.29665
6.69541	14.2384
13.2211	-7.74453
3.04494	12.0386
-14.2539	-11.3638
-1.00186	14.6845
12.2615	-2.07888
-13.5713	4.22015
1.08934	5.37153
-6.90978	-5.76165
-6.58012	-5.21656
11.4832	4.0628
-2.08884	10.8033
-7.19582	13.8455
-7.06694	8.56946
-14.1754	0.183401
-9.93111	9.7265
-6.2209	-4.57001
12.7623	9.8606
-7.77497	8.34384
-13.6439	0.844253
2.08012	3.75548
0.913853	12.4494
10.1579	-9.96183
-1.71025	-6.04617
13.9636	5.29999
4.39158	-5.59105
8.91485	14.0737
-2.21171	-5.3666
14.4317	-3.52303
-13.5981	-8.44607
10.8154	9.02128
4.26476	-7.79846
-5.18009	13.1323
7.36171	12.148
6.85476	-10.103
12.5997	6.49965
8.64871	12.3329
-14.895	14.1919
11.8217	-4.34839
-10.2008	9.51326
2.5884	-0.423376
-9.90224	10.9079
7.59528	-3.25857
14.312	13.6582
-14.7449	-11.6174
9.92877	10.2622
9.36409	-13.4723
-3.28365	14.8167
10.3906	-2.44733
14.1875	-13.9288
12.4785	-14.2781
-4.5334	-14.4366
3.60323	2.63775
11.2415	-5.68903
-2.33167	-6.94773
-0.406794	-4.7895
11.5735	2.24069
8.81639	-1.12853
-11.9519	11.3357
2.37092	-10.9133
10.0453	-5.26688
-13.0284	2.43777
-9.51968	7.89358
9.25316	-4.21568
5.43022	1.98337
2.01744	10.8226
-8.79059	-12.5139
-2.82166	-2.35389
-10.1266	0.587307
14.727	11.9813
9.1664	-10.0301
9.30013	12.2766
-5.17311	1.44489
-12.1321	9.48626
-5.35576	-8.05623
14.6994	-1.11016
-0.891689	0.456592
-9.53392	10.4498
-8.43099	4.20721
-5.91013	13.4902
-14.7797	5.56324
-12.5675	-6.59147
-3.69077	-1.35679
14.7546	-3.22913
7.95633	5.14584
-14.3525	-11.252
9.37003	1.80047
-7.8471	12.5052
13.835	14.2567
-0.179837	11.8783
-2.44375	7.03665
-11.3098	7.92245
13.4395	4.34029
7.52995	2.86315
-9.02144	9.84619
-4.2161	-14.2803
-13.6336	11.3221
-0.998458	-14.0802
-2.62235	14.1794
4.19252	2.69793
-3.78087	-14.4219
11.9826	14.8102
-6.14942	2.71223
-7.03485	4.66553
9.0204	4.73867
-4.50897	11.9249
9.19053	-3.38902
8.55153	-7.3681
-14.5149	2.15737
-8.89209	-3.54869
4.14478	-7.76262
-4.3886	-14.6883
-10.7703	-9.15396
-5.8709	2.07747
-0.817757	-12.5572
14.2358	-0.902334
-6.81082	14.7668
0.174486	-13.297
14.3767	4.90184
-5.51164	-9.96234
-1.33908	7.91972
-4.4297	-6.56859
-4.59314	-5.4006
-0.0678228	-9.16929
-13.0622	10.1674
-0.702117	-5.92164
10.2366	-4.03011
-1.20844	-5.33576
4.39775	-8.00417
13.7197	-12.0787
6.91624	0.880989
9.57955	-12.5985
1.47414	12.6069
0.897699	2.14463
-8.02794	11.7591
-0.239638	2.17052
-6.14954	-4.60809
8.49397	1.4297
-13.4677	1.46123
8.30958	-4.58885
9.93098	-11.6966
5.73732	9.98752
-6.10184	1.08134
-9.8442	-13.8379
-8.34052	-13.2227
-14.7627	-10.6262
-14.6734	-8.44593
-0.670739	4.86916
-9.12652	-13.521
11.838	4.36046
-4.29074	3.60694
-8.69781	5.63075
-2.56671	-1.08282
11.4693	6.09438
-9.00143	-6.5337
-4.26447	-6.85132
8.06651	-9.79402
0.210667	13.407
3.08255	-1.28958
11.6448	5.18331
7.71337	-3.33008
-2.02874	14.2673
5.09877	-3.49131
-9.73341	-8.1175
12.1638	-13.858
8.13727	-8.84055
-5.65096	14.543
-6.25803	-14.0391
12.1551	-14.5371
14.8323	-6.5715
-9.23343	1.23747
-5.79987	-6.7703
-6.60023	11.2517
13.7254	-8.14004
3.52265	-9.21601
7.40945	-3.27211
2.51454	-9.2163
5.48656	0.386083
13.1715	14.5555
-4.04434	-6.49401
11.3279	2.93216
6.19502	9.30719
-0.78862	-14.8381
-3.09349	0.531314
-2.36529	-6.05971
8.3009	-8.96306
0.122061	5.47022
-13.7204	-0.286445
12.1392	10.1939
-1.74777	-3.40607
-10.8056	-9.71551
9.41211	-7.2119
-10.2117	-3.93136
10.0676	13.3793
-6.86736	-4.59199
14.3543	9.31281
-3.69901	-11.1778
5.13267	13.4585
5.06537	-13.2727
13.7607	-12.502
2.49741	-2.05877
-9.25479	-9.08645
-2.36116	-1.22542
14.7137	4.39408
-2.64871	5.40931
9.09789	-0.189114
-0.645541	11.4341
13.7322	4.50124
12.489	-0.981602
9.9677	-6.65359
-8.0759	-0.666701
8.06369	-10.672
-14.5788	10.5238
-12.9783	-4.97793
5.81742	9.54775
1.09824	7.94334
8.63191	12.7512
6.70987	-4.16173
-8.44799	1.83013
-8.83328	9.78164
-1.1941	13.1353
-9.55751	11.6117
-13.9949	-1.61879
-6.84213	-2.29881
-14.6353	10.1166
-11.6145	-4.98253
-1.66042	0.55477
-13.8226	-13.0404
-10.7782	0.492217
-7.25165	1.72047
-14.8339	10.4244
-0.846525	-11.8177
-4.89733	10.8381
4.72259	-6.76818
-12.0304	11.7137
13.6586	9.96527
-10.177	-9.44152
1.6698	-11.9217
11.3525	-0.829168
-7.41005	6.36515
-10.1823	10.7033
-14.2432	-10.9366
-7.24104	7.27522
-13.0367	-5.72087
7.43399	-8.85827
-13.8697	6.84785
14.6911	13.1786
6.85035	-0.933021
-6.04107	14.3097
-7.62819	-2.48526
7.2108	0.593095
-8.20779	-7.70593
