-7.22795	7.73141
2.54375	4.72459
-6.9998	8.44078
-7.04441	8.28541
1.91565	3.97837
2.26915	3.54055
4.56164	0.23927
-11.1617	6.68835
-11.4348	5.11539
-4.84782	8.84512
4.36267	3.07777
-13.7989	2.8911
-13.3655	4.81719
-7.97953	7.36209
2.66123	5.51815
-12.6541	4.76821
-14.2747	3.4293
-14.0244	-1.46183
-11.4415	6.30083
-11.6574	4.865
-14.5678	0.705672
-7.80734	6.99655
-0.211096	6.49962
-8.07539	7.21559
2.2732	6.10109
1.67984	4.96377
3.48964	4.58469
-0.732314	6.53819
-14.0711	3.84624
3.30377	1.79791
-0.269663	6.02664
-14.3178	-1.49922
2.02965	5.52212
4.55356	-0.26925
3.82018	0.13404
-0.0523911	7.2407
-10.3967	5.63603
-14.5392	1.12329
2.28379	3.79454
5.19425	-1.154
-10.4295	6.17883
-6.63412	7.32661
3.96727	2.78548
2.5394	4.42479
-12.5747	5.59158
5.33168	-0.333579
-8.4921	8.11942
3.33398	1.50367
-11.4226	5.06424
3.18924	3.42125
3.65269	2.15236
-4.36714	6.99207
4.29974	3.75087
-12.6867	3.20754
-6.62612	7.4028
-2.19546	7.50083
-14.3399	-0.919776
-5.75335	7.94308
3.12045	4.29574
4.76703	-1.26575
-7.32633	7.92505
-13.0373	4.98111
-13.7001	2.18288
4.19642	1.94882
-14.6738	2.15091
-5.66735	7.66335
3.29522	2.76071
-1.99114	7.22297
-4.80734	8.18634
-10.5437	6.33068
3.88336	3.47769
-14.2461	-0.229111
3.96351	0.287425
3.99676	-1.17896
-13.1601	2.7568
-2.22832	7.7825
-10.7802	6.69027
3.78385	0.669913
-14.1449	2.39118
2.66279	4.44632
-11.1101	6.26965
-10.6811	7.29831
2.52026	4.66141
-3.6723	7.04953
4.4077	0.945897
-3.0797	7.2364
3.8282	3.24267
-6.92152	7.47854
4.38086	-1.06919
-6.75544	8.50469
-13.5882	4.14791
-13.9673	-0.297385
-0.119309	5.82344
3.03602	2.49045
4.20055	0.859389
4.40132	0.202402
-2.86819	6.83346
-0.845225	8.0304
0.926683	5.5713
-12.6721	5.15835
-15.7894	-1.33754
-1.98094	8.41902
-15.4596	0.502768
3.91511	-0.468665
5.59349	-0.913375
-13.3765	1.45015
-1.40291	7.06433
0.959182	6.6022
-8.40589	6.92387
-12.8899	4.12303
2.95812	4.61939
-1.83522	8.04079
-11.4701	5.41869
-3.38769	7.99923
-15.8021	-0.522247
-0.817081	6.42861
-1.3626	8.26592
-11.2256	5.0461
-14.8948	0.961356
-0.841994	6.31165
-0.567667	6.23097
-13.4563	4.38087
-3.56795	7.48049
-12.1844	5.17703
5.24279	0.0732284
-10.4121	5.85512
-12.3153	4.59311
4.79387	-1.88691
-1.43273	6.85986
-2.03124	6.8483
-8.02792	7.35964
-12.9104	2.5392
-4.92404	7.92376
-12.6358	3.85196
-14.4255	1.02844
-4.33744	8.86989
-15.1238	1.54354
-12.1224	3.66205
-13.4431	4.54575
2.54916	3.60806
-15.314	0.842632
-10.595	6.74317
-6.46532	8.46403
5.06958	-1.5094
2.9227	4.1613
-13.5135	1.84486
1.84811	4.36761
3.89684	0.533464
-14.0181	-1.36174
-11.8235	6.51686
-2.68085	6.86997
-14.5267	0.0766583
-9.92502	7.39843
-13.4738	3.98231
3.88416	3.49261
-6.59443	7.28629
-5.32225	8.41104
4.20918	1.57336
-12.5033	4.0632
-2.74152	8.17887
-14.8731	0.706738
-8.93316	6.37661
2.44234	3.26686
-0.932033	6.22661
3.19912	3.43142
-8.37195	8.04386
0.942397	6.20174
-9.96264	6.53635
-12.3114	3.81249
-9.45716	6.32193
0.154402	7.54595
-8.49448	7.46296
-8.0585	7.98126
-3.93315	7.46552
5.52805	-1.94332
4.47803	3.31774
2.87572	2.6829
-14.0424	-0.652483
4.5665	1.51239
-3.74894	8.72525
-14.0723	3.65326
-9.86101	5.77322
-6.44594	7.37331
4.20474	1.34026
-7.58409	6.98388
-11.935	3.86853
3.66468	4.71377
-11.4383	5.73501
-14.4568	-1.14254
-11.3362	5.73365
-14.4764	2.31784
5.50062	-1.2039
-4.59392	8.9252
1.39429	5.22454
-12.9826	3.21472
4.76493	1.29232
-13.6235	2.48777
-15.0875	1.93762
-10.9159	4.78892
-11.0135	5.02177
-1.52314	6.35964
1.06764	4.88164
-2.43237	8.49674
-11.3631	6.1721
-14.1627	2.88098
-6.98288	7.23345
-0.0130696	7.55375
-6.68591	7.83407
3.25882	4.62912
-14.1188	-0.461928
3.82636	4.15077
-0.865436	6.3224
-10.7907	6.03867
-0.0637039	6.05996
4.42217	2.1437
-12.0895	4.33086
-13.9317	3.21955
3.95857	2.1385
-15.0903	1.0351
-14.2839	0.0369429
-5.61842	8.12042
-5.29391	7.47157
3.82376	0.968235
-13.4915	4.40384
-3.74989	7.58177
0.203066	6.22112
-3.64089	7.16531
-4.29633	8.72108
-13.5199	1.59491
2.79006	3.52369
2.91686	4.11583
1.48165	6.8386
-7.94933	7.68766
2.65031	5.3489
-11.604	5.83988
-13.2091	4.26652
-12.8152	2.63561
-14.6103	2.34579
2.93232	3.73148
2.78791	2.51122
-13.9146	1.20627
-3.63065	8.25169
3.86291	3.32984
-12.7697	3.58131
2.94527	4.3381
-14.5158	-1.09889
-4.16647	8.8513
-11.8211	4.13299
0.767605	7.14539
5.78633	-0.363716
-7.44509	8.57633
2.80157	3.59015
-4.06937	7.39248
4.85436	-1.10202
-4.90454	8.11462
4.57578	2.71305
-1.90594	8.48296
-12.5988	4.19309
-14.3002	1.78246
-14.3437	1.26895
-14.5461	-1.95808
-2.05145	8.0321
-0.914873	6.11078
-0.00920943	6.3086
-9.55173	7.03861
-1.96833	6.58187
5.19399	-1.18715
5.01038	0.512791
-3.93766	8.02303
2.79751	2.75817
0.591945	5.40627
0.200224	6.3069
-3.86253	7.86729
3.71281	2.24648
-14.0301	1.11074
4.70796	0.271068
5.73522	-1.6101
4.37217	2.17503
4.69334	0.188586
-0.952306	7.63555
-2.86487	7.24552
-14.1555	4.09099
-4.39681	7.44989
-6.82264	6.83317
3.93091	-0.304734
3.32898	3.82178
-14.4871	-1.94493
-6.40506	7.45292
0.869637	7.21898
5.03812	-0.900162
3.25433	1.9775
-5.77768	8.69894
-9.35529	6.56936
-12.2959	5.52745
4.63864	1.51327
-8.06845	7.54332
-10.4158	6.72228
-7.2618	7.83632
-13.3946	2.66887
-0.655637	6.42353
1.82522	5.8788
-10.465	6.01546
-14.4805	0.617218
-13.3426	4.30437
2.20433	3.9267
-13.7086	2.48134
-12.5928	5.36834
2.38099	4.86023
-7.9455	8.43606
-3.43707	7.99892
-4.65264	7.79673
0.0142294	6.72437
-11.3265	5.50981
-4.62465	7.97188
-9.22385	8.14489
-1.79261	7.9661
-14.9908	1.73034
-7.19817	7.34001
-14.5624	2.7737
-3.29147	8.00232
-13.7117	1.30138
4.66682	2.1716
-10.0974	6.30509
3.38986	3.57923
3.75231	0.485555
-13.5802	3.21198
-6.50797	8.25875
4.15367	-0.427112
4.72697	-1.10664
-14.2919	0.233765
2.59614	5.88461
3.45759	3.78818
-6.96844	8.80224
4.801	-0.081967
2.90017	3.30891
-14.7762	-0.503201
-5.48872	8.92893
-11.9197	6.34892
-12.2571	4.09607
-4.91657	7.62215
2.20258	6.04823
5.39912	0.065938
-0.0317614	7.32856
-1.91959	7.06691
2.70955	5.6148
0.140213	5.77272
-12.9107	4.13598
4.86487	0.634922
4.04837	2.03543
3.84214	-0.042809
0.627903	6.14617
-13.9308	1.64579
-10.889	6.74706
-14.6782	-1.74364
-11.5589	6.49532
-14.5595	-0.272169
-6.30108	7.82194
-4.22777	8.85054
4.37754	3.13825
4.4792	1.44683
5.06343	0.406734
5.03708	2.47316
-10.4207	5.93843
4.73745	-1.60836
-7.77705	7.80769
-14.3195	0.599366
-12.8621	3.53322
-10.5842	5.21095
-13.8984	0.287961
0.527602	7.51028
-11.6215	5.07691
-1.08944	7.39544
3.15756	3.78265
-11.8275	4.89734
3.87887	0.229443
-15.7363	-1.00711
-14.2273	-0.987403
-11.2008	6.48633
4.07832	0.361307
4.04746	1.75609
2.34119	4.424
-15.0177	-1.57186
3.7097	1.24235
-3.38468	7.63042
4.79899	1.76328
-14.1706	1.60417
-2.15698	6.71247
0.528092	6.98193
-3.18203	8.58735
-2.35475	8.41239
4.55474	-0.334796
-0.980336	7.05996
-14.3367	2.86664
-3.06025	7.06877
-7.56239	7.00075
1.78884	5.31248
2.02647	4.42112
-5.94421	7.83364
5.55346	-1.22396
3.12399	1.91788
-6.28039	7.57793
-12.818	3.02258
-8.2659	6.48494
-11.1782	6.43905
2.83566	3.72714
-14.5043	-1.89788
-0.815695	6.08534
-7.96421	8.44231
5.02563	1.969
-1.58735	7.4252
-13.4525	2.26236
-4.87301	7.05858
-4.30504	7.81228
-11.8901	4.95065
-13.4812	2.50364
-15.7915	-0.0405186
4.54538	-0.233028
-14.8171	-0.480154
-0.388826	6.08097
0.837742	6.45818
-9.62266	7.46886
1.2265	5.86214
-11.211	4.86946
-12.5824	5.95807
5.30653	-1.37901
-14.1548	0.602399
5.00959	0.58352
1.63702	4.82489
-0.119908	7.16554
-8.13637	7.7604
-5.84026	8.06211
-14.3489	-1.45302
-14.8778	1.28507
-11.6196	4.8147
-11.9146	3.77508
4.80852	1.28323
5.84706	-1.93512
-8.38391	6.43872
-7.61034	6.92568
-0.172192	6.29049
-7.64078	7.47902
-5.66215	8.68665
3.96106	0.520103
-1.06887	8.18721
-13.7644	1.44139
-11.1762	5.67489
-15.05	0.70794
-14.434	-0.0581175
-0.168684	6.95155
0.100474	5.65625
-9.63548	6.41971
4.14055	2.83075
-8.32535	7.62655
-12.3575	4.37888
-0.0176011	5.73093
-0.719438	6.77685
-15.5188	0.482619
-2.49952	7.85135
-5.9235	7.83378
-15.6766	-0.114846
-14.7707	1.68535
-9.62189	6.61042
-14.8356	0.640616
2.90936	4.73175
3.2061	3.80299
-5.77088	8.69968
-0.52551	5.96534
-7.3183	7.05382
-5.29458	8.10024
0.824656	6.46405
-13.1808	2.79002
1.76555	6.57303
-0.188205	6.08646
-15.1382	0.0074943
-4.40554	7.51322
2.26353	3.80129
-4.90568	7.36866
-7.39185	7.50739
-6.74352	8.25728
-13.4836	4.9252
-0.982497	8.17996
-13.0765	4.41152
-4.57253	8.51791
-11.5607	5.26354
-9.80908	6.27162
-12.4253	3.32201
-10.9003	5.5235
4.01215	1.71204
-12.2662	6.20127
-11.7841	6.00292
-5.04024	7.92572
-11.6118	5.51492
-13.6309	1.28094
-8.03534	7.8972
-7.47752	8.32353
-9.52672	5.92706
-12.9592	2.66809
-1.539	7.02011
-6.94905	7.63059
-13.9404	-0.569031
-0.440399	-6.19199
12.0328	-4.33712
-3.96551	1.14134
-4.48647	-1.23348
-0.250294	-5.87902
6.14584	-8.6967
12.1537	-4.41341
-1.55898	-5.56373
-0.916124	-5.44116
-5.38462	0.576583
-3.28927	-4.42398
2.54958	-7.86897
1.08203	-6.87736
13.6903	-4.43307
9.07923	-7.98169
-0.383252	-5.59014
-5.21835	-0.629411
13.8967	0.398519
3.88526	-7.21914
-3.79882	-3.26533
13.3485	-3.31282
13.997	1.08474
-4.29224	-0.479254
-3.45094	-2.98275
13.6535	-0.775261
-0.740298	-5.17698
11.4793	-5.52528
0.110817	-6.9811
13.8334	-0.656565
1.86194	-7.49029
5.81482	-7.61262
8.76809	-7.31997
14.4873	-1.96967
15.0814	1.44737
2.56524	-7.74905
-4.62272	1.28387
1.57519	-6.41247
-0.694159	-5.48034
-0.494825	-5.95798
-4.29384	-3.8576
-3.56482	-0.905711
14.0039	-3.17447
13.8396	-0.0374992
14.3099	-0.217527
-2.70692	-4.05103
13.6315	-0.870411
12.342	-5.82602
-2.17788	-3.4953
-2.74919	-5.43293
13.8763	-0.128226
-3.4226	-3.11385
7.66415	-8.55195
6.28744	-8.61915
5.48189	-7.68713
-2.63884	-3.6184
14.1995	-1.157
14.3653	-2.98698
-2.90362	-3.26344
0.805766	-7.35817
12.7039	-4.38569
0.89566	-8.0192
12.5156	-5.71612
14.2746	0.598627
1.72717	-7.72778
13.4033	-4.10861
12.7759	-3.4145
11.365	-6.95069
1.76029	-6.80106
3.68223	-7.35482
1.55435	-7.30973
14.7166	-1.92011
12.3385	-4.70355
13.1565	-3.98215
5.33862	-8.63879
-1.17071	-6.69494
1.32945	-7.35352
15.4207	-0.481228
5.71076	-8.8167
13.2505	-3.79201
-5.09329	-0.630445
8.31622	-7.94236
3.34923	-7.27104
13.886	-3.61318
7.6564	-7.82094
-2.32403	-4.6852
14.4039	-1.0183
-4.23262	-0.549466
-1.60416	-5.87787
-3.76457	-1.83857
-0.508518	-6.05664
12.531	-4.0162
-4.39635	-1.96872
5.57987	-8.53545
-3.76362	-3.45279
14.0398	0.412171
13.4222	-4.84972
15.2929	1.50482
-4.6807	0.0494685
-4.41367	1.12347
14.2769	-1.41588
14.0479	-0.190384
-3.6723	-4.2299
13.9239	-3.74513
14.7559	1.12601
-2.6563	-3.87931
-1.15757	-6.03068
-4.8058	-0.859308
7.18571	-8.10742
3.0435	-8.61814
4.80479	-7.56407
11.5849	-5.14912
10.374	-6.23428
-4.84141	0.457064
12.6555	-3.14204
12.227	-5.90423
-1.82306	-5.00763
14.6737	-0.425921
14.7131	-2.11559
9.76055	-6.8445
13.866	-2.05406
14.2969	-2.09786
13.1082	-2.48058
-1.02724	-6.62207
11.0739	-5.63046
-4.98521	-0.904921
4.81376	-8.76373
8.41318	-7.48052
0.629306	-5.88779
-4.74579	0.763889
12.8624	-5.39744
15.6754	-0.243793
12.9132	-4.27352
-5.18939	-0.442134
7.78001	-7.76247
15.4361	-0.298159
-4.53783	1.3391
12.3694	-4.20877
-2.87542	-4.24774
9.78394	-7.57901
-3.23346	-2.42481
-0.0807911	-6.19479
-1.93781	-4.35736
-3.82374	-3.16648
-4.8033	-2.34614
7.85044	-7.06752
-3.82596	-3.19344
-5.52287	0.824347
15.391	0.0595338
-4.0095	1.05665
9.41096	-7.8541
1.22805	-6.90778
5.08918	-7.81748
6.67235	-7.70763
1.34958	-6.28581
6.98169	-7.31357
13.9556	-1.61877
1.09716	-7.22129
15.3699	-0.122426
13.9344	-1.15324
-4.0784	1.68782
3.86313	-8.41702
-2.57517	-4.9291
1.86872	-8.43016
13.2361	-4.83156
-1.08996	-7.07153
-3.6123	-4.77518
-1.79784	-4.29076
9.24064	-5.98495
-2.98951	-5.05537
-0.646227	-5.14254
13.4437	-1.75862
13.7486	-2.23361
5.94458	-8.22009
0.852361	-7.09136
8.26449	-6.82458
-3.87979	-2.61771
12.622	-5.62412
6.19641	-7.44549
6.26571	-8.04174
-3.92516	-1.01298
9.7178	-6.67122
-4.55049	-1.25009
14.4952	-0.717753
0.386167	-6.57928
-4.38981	1.40698
-3.91588	-0.0792118
-2.70207	-4.19534
5.46049	-8.42648
8.65928	-7.15623
-4.44058	-0.0590564
8.12601	-6.91518
12.2455	-5.48283
2.63884	-8.39396
6.10483	-8.37517
15.0433	-0.639747
14.1435	0.827675
9.49029	-5.81992
11.1761	-6.43456
-4.53986	-2.11471
-2.69808	-4.05336
11.9487	-5.76992
-2.20385	-4.69961
-3.09112	-3.14191
10.6254	-5.68274
12.5987	-5.24077
-2.46541	-3.80507
9.09052	-6.80964
13.8969	-2.0171
1.51598	-8.01049
-0.249247	-6.04264
5.69128	-8.22239
6.20913	-7.08681
8.33052	-7.17298
14.0502	-2.12379
-4.29846	-2.50265
12.012	-3.75057
14.5844	1.11737
-3.94451	-0.114494
-2.03156	-5.05306
3.45966	-8.73284
13.9815	0.0399056
13.1254	-1.98703
13.3632	-3.59186
12.7938	-5.24947
-4.39581	-0.327132
-4.30214	0.946605
-3.81735	-4.05193
-2.27364	-5.48083
0.423084	-7.49139
-5.40923	0.662137
4.43682	-7.21557
-4.22927	1.85362
10.7862	-6.16947
12.0892	-3.96994
13.1038	-4.57773
-5.50919	0.540831
-4.18192	1.93709
-3.73457	-3.1473
13.0079	-2.29658
14.397	1.89796
10.9782	-4.8675
-4.61527	-0.313189
-3.83576	0.0212701
2.87425	-7.20337
8.56003	-6.41956
14.0505	-0.367693
-4.16413	-4.00533
-4.18546	-0.0491974
13.6989	-4.48309
7.06679	-8.14713
14.177	-1.73509
-2.53461	-5.95498
12.3963	-4.62998
2.35757	-7.014
14.0901	0.835116
11.3512	-4.93143
6.93659	-7.45394
-4.14838	-1.16076
3.89538	-7.36252
14.5602	-1.05015
10.7452	-5.26776
-4.07506	-0.258109
15.251	1.37181
9.3364	-6.58569
13.9598	-1.37963
0.111516	-7.14229
3.00189	-7.23047
1.47859	-6.9801
-2.15331	-3.67954
9.71982	-7.57408
-2.41202	-5.04046
14.8097	-2.74253
1.00986	-6.36668
-1.81637	-6.55266
-1.24822	-5.93669
14.0066	0.781157
2.31444	-8.18553
-4.06013	-1.13016
11.9507	-5.85309
10.3041	-5.82482
13.1776	-1.79727
2.27941	-8.50546
-2.22048	-5.39402
14.6479	-0.929963
11.5176	-6.46852
-3.95715	0.628317
10.7113	-6.12088
0.276393	-6.94889
1.35711	-7.09849
-4.88673	-1.30636
6.94281	-8.02349
13.6241	-2.93776
10.2098	-5.76144
7.78681	-8.01483
-4.0623	-0.873088
15.105	1.01236
-4.24367	-0.693567
0.358257	-6.96005
10.5523	-6.34228
1.88726	-8.43312
1.78246	-6.92317
13.1068	-3.52116
14.7947	0.969188
-5.42901	0.407972
4.46289	-7.48739
6.53176	-7.29033
1.19049	-7.34635
-2.08979	-5.98836
14.0495	1.88699
-2.09266	-5.69134
11.8599	-5.50327
-4.40934	-2.06252
14.4063	1.75361
-1.36766	-6.91827
12.9088	-3.02279
-3.98013	-4.0684
13.1354	-2.96715
10.3494	-5.71593
14.3228	0.800588
-3.57452	-1.48121
-3.90659	-0.632645
12.8694	-4.87333
-2.22407	-4.21898
2.33031	-8.54172
-4.55771	-2.85585
-0.785204	-6.32557
13.621	-2.57895
2.59301	-6.88632
-3.93896	-2.92406
-3.2457	-2.71302
8.54662	-6.671
15.5733	0.822581
14.6831	0.945808
1.90168	-8.20828
12.1497	-5.00023
5.85331	-8.7996
-3.00211	-2.76163
14.5529	1.46027
8.75125	-6.46239
11.0603	-6.15605
12.0806	-3.74973
12.2144	-4.42658
-2.46099	-5.04028
12.9062	-4.12375
5.72691	-7.52404
12.4905	-4.3654
-0.305402	-6.66534
1.12898	-8.05394
4.28675	-7.83127
10.8792	-6.76813
7.68831	-7.6001
5.41179	-7.89599
14.5669	-1.02444
-1.29482	-5.59758
14.6447	-1.66125
6.30262	-8.76185
13.7464	-3.7119
-4.69238	-2.64364
9.70112	-7.36051
12.38	-4.40516
10.4697	-7.32098
-0.94033	-6.37965
13.3798	-2.58786
6.9119	-6.81337
15.4434	1.12968
-2.91585	-4.86423
13.8842	0.540825
-3.37681	-3.77218
12.6202	-2.92088
1.14987	-7.3745
10.2198	-7.65989
11.959	-5.7236
14.5254	-1.79914
13.8763	-4.16236
-0.507327	-6.74076
8.67215	-7.0987
10.5177	-5.7877
-4.44935	-3.1867
13.3264	-1.93053
7.29114	-7.32975
11.16	-5.64908
7.05124	-7.48041
-3.58106	-1.17707
8.21755	-6.88177
8.78592	-6.25635
1.18855	-8.06136
-4.5019	0.405967
14.0934	0.902852
-5.55713	0.972567
-5.19867	-2.05873
14.4769	-3.29314
10.5731	-6.90661
2.63229	-7.29734
14.841	-2.76316
-5.27338	1.9117
14.8643	1.49444
14.7872	-1.50743
10.6321	-5.48574
-4.28821	-3.31897
-2.65643	-4.02664
0.495794	-6.01108
6.77402	-7.72665
-1.55021	-4.36159
2.1922	-7.3085
-5.66186	0.109796
-1.44926	-5.99252
-1.65356	-5.31621
8.28184	-8.41872
15.114	1.01022
4.52494	-8.01102
13.919	-2.60248
14.5776	-2.95022
5.11571	-7.77024
10.467	-6.26413
4.42403	-8.39809
7.42716	-7.10124
-3.00278	-4.4645
-4.82577	-0.0031939
5.39068	-8.68945
11.9809	-3.70526
3.0605	-7.984
13.2339	-2.5257
-4.92519	-0.29693
6.98882	-7.51937
-1.20287	-6.20462
-0.235222	-7.25813
-2.11756	-3.8126
2.80435	-8.13939
11.9794	-5.27838
14.3859	-2.97234
7.46912	-8.17226
-0.47952	-6.28323
15.1033	-0.829598
14.4835	-0.330132
9.48004	-6.53451
15.0856	-0.604069
11.0149	-5.97425
-5.08927	-0.124249
-4.07334	-2.97519
12.6904	-5.71502
-4.88917	0.955014
14.7827	1.53357
-1.59313	-5.59764
11.2647	-5.78169
15.4879	1.09115
5.26776	-8.96196
-3.9043	-3.57449
4.25356	-7.67492
2.84138	-8.00542
14.4853	-1.36202
-4.86615	-0.161543
-1.22794	-4.64332
9.26007	-7.61459
9.7822	-5.8075
12.9264	-2.75031
-3.95078	-0.00333515
4.18212	-6.99166
-4.77487	-2.06815
-1.85934	-4.81728
8.62516	-6.33922
6.11893	-7.26801
10.2489	-7.4652
-3.97987	-3.92252
-4.87022	-2.12648
-5.06223	-1.60209
-1.13417	-6.19825
7.44337	-7.37128
13.0577	-2.4829
10.9058	-6.29754
3.20788	-8.20197
0.203192	-6.40096
1.22065	-6.41424
12.5677	-4.39458
4.92881	-7.90388
13.9463	-3.60703
2.69922	-7.94237
2.94276	-7.19213
12.3529	-5.79888
12.9323	-3.84661
9.82958	-6.95896
14.6254	-2.34473
-1.23047	-5.10973
-3.59355	-4.42785
-2.06531	-5.08124
13.9327	-2.95143
7.89167	-7.08491
-2.81311	-2.99164
-5.08661	-0.992916
9.88928	-6.32569
6.56943	-8.31146
1.3759	-7.97059
12.4353	-4.25024
11.6677	-5.28071
-2.7108	-5.79105
0.293647	-6.08683
13.5698	-3.90653
13.21	-4.77811
-4.27858	-2.72959
14.7546	0.470511
-3.776	-4.09447


1.72739	2.99079
-12.6695	3.94827
-8.42097	14.3367
-14.4476	-13.4757
12.7041	14.4005
8.98971	-7.37434
10.1059	7.38573
-1.61709	5.26458
3.81871	-6.9553
-12.0777	13.6092
-0.872283	-5.62078
-13.4846	10.7021
-5.5451	13.4238
9.11523	-1.94816
-10.6557	-12.4997
-11.8085	-11.5325
-10.8615	10.2031
-14.4795	4.61016
-7.09603	-0.890312
-5.10698	10.1133
-6.6789	-4.40284
6.08916	11.2134
-3.97099	3.73818
-4.05454	-11.1973
6.94215	14.9392
-6.86149	-5.24954
-2.67685	-13.0466
-9.8282	11.5706
-6.88915	-3.08101
-7.81805	4.31683
5.37031	-3.23141
-9.0465	6.37276
-13.2038	-14.1736
3.87706	-11.1273
4.81314	0.305419
12.8855	1.76492
12.2003	12.598
-1.23896	0.134353
9.26663	10.0525
6.9273	-6.29558
-10.7511	-3.35679
11.5786	9.30683
14.7536	-8.04938
-13.4866	-5.97349
-7.50615	-0.702203
8.65722	1.92028
13.7275	13.3745
13.8872	0.231977
-6.20113	6.50807
-13.7194	2.59716
5.55752	4.8296
-13.02	-11.9284
4.49146	5.48255
-7.87173	-9.38429
-2.46478	8.21785
1.41237	6.10835
6.84967	-8.39425
0.559982	5.669
-12.2658	-12.3359
-12.5869	-8.75043
-0.146828	-11.8465
0.432288	1.78688
11.2626	-12.7308
9.91407	-3.52798
14.2957	-14.0156
8.51679	4.47472
8.10592	-4.51141
-9.06265	3.15081
-11.6716	13.5524
1.40155	-0.131577
8.6996	14.7384
-14.1259	2.89819
6.51073	-4.24191
9.84983	-1.6533
-5.98026	-13.3148
-0.183694	4.9626
-13.9675	-2.57028
12.9723	2.11964
-11.2053	9.16478
2.61056	-5.85402
-9.26427	-3.7683
6.12426	-1.45037
-5.16321	11.8731
-11.6293	6.29749
2.97667	-11.5398
-4.09678	-9.97257
-4.96069	10.5104
-14.081	2.00291
0.304953	-6.77609
13.8145	-2.19829
-11.6708	1.57652
14.7814	-10.9409
4.06622	-2.63214
12.188	-6.53314
-1.4162	-2.88552
-6.94059	-6.18075
0.192328	-11.6468
1.55299	-5.04607
-6.11794	-9.48532
-0.374398	6.79822
10.5051	5.3069
-13.4362	-2.39057
-9.07512	-7.73203
-2.95544	5.78577
0.788648	9.78794
3.30388	12.0053
12.4186	0.76701
-1.23103	0.332881
-7.56549	-6.32941
-5.7717	11.0229
-5.51498	-6.84707
-11.2023	10.0934
-1.6417	5.97259
-14.5937	-2.03696
5.73117	5.09894
-11.7208	-7.74467
6.589	4.84208
-12.1082	9.90981
9.15495	-5.6478
-10.3577	11.2703
9.05616	-1.032
-13.397	-2.99337
8.41015	5.94092
-3.66259	11.0604
-10.8967	-1.24816
-0.663915	-1.27635
8.55682	-7.23575
-5.73629	-8.7639
-7.35809	-12.003
7.63552	-10.0895
10.4241	-14.1639
-11.7005	-9.80598
3.39106	14.7018
-11.9929	11.3103
-9.34955	2.65437
-1.56985	-0.921421
12.8442	-6.84511
-5.38589	6.79792
6.72952	-4.18026
-9.00665	14.012
-4.68102	-0.611871
8.01932	4.90497
12.7383	4.46047
-8.68348	3.85669
-12.0863	9.15523
-8.62534	-13.2578
-5.40596	-14.9577
7.66956	-7.78229
-2.79871	-12.9714
-6.03645	-0.663947
1.49102	9.67291
-13.7735	10.8953
-3.70693	2.0368
6.20854	12.8725
13.0359	-1.42691
-2.99066	3.83611
-9.05485	-6.13889
8.79969	-10.3606
1.37078	4.84019
1.01057	-1.93012
-9.49918	11.3254
-1.95014	6.88293
-2.19974	9.83538
7.58879	1.75732
-0.390422	-12.7731
-8.96576	13.2958
5.79411	8.26787
6.47789	11.7215
-3.92668	-12.1795
12.8795	-7.43225
8.037	-6.13879
8.40415	2.35966
3.36115	-9.52231
-2.29525	10.2082
-13.5271	12.3545
-4.66293	9.10646
-4.53557	-14.8354
-6.2069	-13.5454
13.1089	-4.63791
-0.838868	13.1692
-13.1831	-13.8501
-9.07853	14.8204
-2.79955	-2.59053
12.8477	-10.4497
-13.2129	4.14381
-11.9164	-12.1806
-2.97476	-2.86069
3.61591	-6.33322
3.66824	3.94152
9.12116	-6.39299
-11.2396	-3.60348
11.6906	-9.94178
-5.83451	4.80827
-6.02115	12.495
12.0982	-5.20468
11.2118	0.382124
12.1693	1.1339
-3.04562	-14.3168
-10.7558	14.9368
-13.7841	8.26345
-12.3891	12.4585
8.43948	9.45314
-14.7993	4.92283
-4.99464	-6.69646
8.1705	-11.9203
-6.25378	0.335046
6.76236	8.88487
-1.51862	-3.41322
1.23811	14.8184
-14.3362	-11.4298
-3.86284	-1.84417
10.2918	-14.6865
8.49519	4.33574
-11.5374	12.7703
2.27147	-9.58154
-11.2907	14.402
-13.0735	9.75652
2.80024	-5.31282
9.48095	9.73325
-12.7114	-14.3105
4.17186	3.75296
-14.488	2.25525
-10.6208	-7.61041
9.03132	-4.30715
5.97526	10.6485
5.29987	1.92078
-13.6896	7.69382
-11.172	1.68418
6.41469	-13.6148
12.4695	8.51177
-10.4213	6.26704
2.59245	-9.55936
5.11905	0.964495
-4.61073	-2.94343
-0.678645	-13.6168
13.5202	-0.772707
13.4637	-2.51542
-0.261548	-13.0334
-3.28325	-9.31607
-9.40687	9.18867
-10.0339	-4.14835
11.3959	11.9497
-4.96027	-3.75189
-9.34238	-1.8331
-6.08753	-6.25942
5.24976	9.77658
12.863	-5.01053
2.58444	8.18889
0.387676	-11.3183
-5.44869	-12.9478
12.1819	-12.7792
-10.0181	-5.07583
-13.4104	-9.90201
-12.2225	1.15118
-11.3508	10.5863
-5.06401	3.36962
-2.82316	11.575
1.78142	-8.92022
-2.2676	7.44577
7.77047	-7.96977
-2.24871	-4.54325
-2.78865	11.1222
-7.73478	-13.7484
2.39368	-1.26753
2.73871	-2.70541
6.29009	-0.271478
12.7112	13.5565
-4.52185	-0.143854
-10.7014	0.103395
-5.87924	-8.69298
1.16581	-10.9701
3.48289	7.10358
-5.38802	5.90362
-5.32316	-0.262969
0.986287	0.202264
9.98928	-4.19427
-13.4108	2.94493
0.00576223	-0.329991
-2.96579	7.39413
7.27162	0.564584
1.4158	-4.37122
-3.54611	-9.50556
10.5655	9.62714
5.66453	-11.8593
-8.85442	-7.86216
8.39149	-10.7331
-2.85677	-0.10535
-11.5135	-13.5057
2.34206	12.0939
-3.00241	6.55794
3.79104	13.4749
-5.78243	3.33943
10.8556	-11.3016
2.72866	10.1338
-9.39255	-6.7769
-11.7384	-7.18734
14.6495	6.60323
8.27188	-1.01076
-11.0087	-6.85955
-2.93469	-4.03169
-13.2971	-10.2994
0.389363	-4.79271
0.514541	10.8982
14.6151	-2.44656
-3.09246	-9.73254
4.0087	-4.95532
1.56693	8.36196
-9.58551	0.00636519
-7.94341	4.74403
2.07201	12.0389
-3.46252	2.89933
-12.2995	-5.95377
2.65503	11.9052
1.13479	-9.33591
12.92	4.6531
-10.2051	8.14516
-7.8239	4.51328
7.15756	10.9176
14.6003	12.6785
-4.85239	-11.1299
-10.7893	-0.455727
7.91762	-12.2689
-13.3507	13.1807
-6.12658	5.72285
-2.45982	-2.99629
12.2562	-1.43666
-9.26361	-3.02964
-6.2493	-4.66871
6.5584	-7.77744
6.31713	4.04562
-7.20663	0.589149
-10.6352	8.07229
5.03721	8.38647
13.2158	14.0258
7.01162	-13.1081
8.69708	-1.76935
-6.56713	4.97959
-2.04694	5.4588
-10.9631	13.8315
-7.85638	2.97669
2.00458	1.24759
6.48985	-12.2694
1.33711	-5.24656
10.294	-13.3334
-13.9055	-12.3743
2.12044	13.4488
-6.66259	7.63599
5.16307	14.257
-10.183	5.32872
-2.51851	-7.49874
12.1481	-0.139487
0.897367	0.812479
11.12	-14.1608
13.5264	-8.21259
11.5305	-5.86747
14.6321	14.2807
3.36433	3.27031
11.5238	11.409
-11.9756	-9.76069
9.51087	7.18893
-10.8463	2.68023
-7.08933	5.99841
-0.782396	7.02723
9.83124	10.1541
-9.20334	-4.86525
3.01594	8.28457
13.3531	-10.6408
-3.12641	-10.1017
-9.58616	7.74868
-1.31798	-11.56
-5.28423	0.186445
7.24379	0.220708
7.44525	-12.0173
5.0136	9.0552
-4.89331	-10.6966
3.03683	0.319158
-10.0468	8.94534
-11.7418	-12.467
-6.9692	2.52218
-14.8254	-12.1791
-1.78178	11.9435
6.06305	-2.92746
4.21053	6.75974
0.926324	-13.4247
8.67064	14.2566
-3.40537	0.618197
4.35593	-13.7658
-5.37935	13.3679
13.1991	3.28625
10.2524	-8.56281
-5.16724	10.3492
6.92514	10.0425
2.29404	-6.97705
7.77523	-14.343
-13.9222	0.414394
7.98613	-14.2056
-14.4975	-7.61534
-13.3578	9.66933
-7.26252	-1.94587
-9.86749	-4.88703
5.52072	-0.770527
-6.35452	-11.5427
6.16227	-13.2237
7.53871	11.7294
8.8897	6.284
0.546313	7.99728
-9.21735	6.92359
-9.76366	2.57287
12.736	12.9273
-2.70496	-3.84872
13.475	1.16998
-0.952959	4.35795
-13.7263	6.25987
6.64877	-6.78228
-0.355646	-9.68046
11.5411	1.79737
14.6046	-9.52225
1.38407	5.02484
10.713	-6.41228
6.91976	-8.94923
3.38031	10.2007
10.1398	11.2139
8.8863	7.8449
-5.50211	0.684245
-10.3582	-0.118243
4.41276	-6.1769
-14.8059	-13.7386
-14.8813	-2.9328
8.79766	-1.27111
14.2573	-3.81189
-9.79033	11.4677
4.91876	14.6206
-12.1341	-9.81832
-0.786218	-4.68782
6.91536	-7.25683
-5.92258	-13.8295
-14.7209	6.42367
1.69211	6.9557
-2.2857	9.95268
6.88179	-11.1189
-12.8065	-14.2765
-6.91715	13.2872
-7.14266	1.5571
14.1937	3.02163
13.9106	-6.36516
-12.5817	-6.95189
0.062334	-7.79122
-1.08082	-1.86074
10.8206	7.71729
-3.34409	-13.2975
-8.53442	-10.2797
8.12755	-11.4405
9.66461	-10.2946
11.8049	-13.6139
0.662915	-5.08107
12.3144	-12.5257
-1.65018	6.6882
-7.60171	-9.88878
1.15026	10.6049
14.5076	11.0003
11.1539	-1.34518
14.4712	6.17042
12.129	2.68576
10.5491	-0.76652
-5.33311	10.8131
-12.5704	13.0719
-3.57294	7.91184
13.0907	-3.50332
6.48754	6.8143
12.4917	-8.86507
14.5039	-13.5903
2.94538	-13.3675
-1.88357	7.46695
5.72143	12.5392
3.42641	-0.611525
10.6093	-8.49852
6.74374	-3.73001
-5.40829	13.0853
6.81925	8.13185
7.95494	-6.82794
4.71362	-2.99012
-4.84973	-7.92439
8.11388	-3.66973
-6.25054	1.2603
-1.72685	6.11801
13.8421	-8.58843
-8.03779	2.11555
-8.24887	-14.9766
2.91465	5.10721
12.0226	-3.5306
1.28465	0.242766
-13.7498	14.1997
-2.78975	-9.79947
7.90123	0.228775
3.1847	-1.41888
9.55958	13.4416
-10.7879	-8.84509
13.4894	-14.8176
9.44852	-11.5319
-7.83188	-4.19824
2.43654	6.13584
2.37353	-2.97488
6.04086	-13.0521
-6.14768	5.37549
-3.1739	-13.0302
-13.7185	6.68204
10.3075	-12.1845
2.99349	8.08546
-2.73423	-10.3698
-10.9999	8.80812
4.15346	5.47865
-3.63335	4.0355
0.734691	13.3312
-0.946817	0.932784
13.2391	1.04778
-4.85287	-12.5385
14.6514	-6.58598
-1.47004	-1.13126
8.18577	0.854929
-2.64371	11.0477
2.89734	-1.26544
-12.2206	12.6461
11.9183	3.50161
-5.62602	10.7797
11.0576	-4.16176
-8.19526	-4.65471
11.7854	3.17741
-13.7669	-5.59803
10.2367	8.32939
-10.8946	-6.062
3.15296	13.0102
-14.891	3.15371
-14.183	0.91374
12.5593	-4.22916
-14.6659	-2.17704
3.75772	11.6101
5.72386	-3.84534
-5.10389	-13.6962
0.862654	-9.14898
2.59666	8.29959
9.38381	10.9377
11.3766	-1.63126
-11.8222	-13.4306
11.2842	5.35876
2.84889	-1.0584
6.6095	11.3554
11.1522	11.3021
-3.51463	9.68641
-12.4898	-14.1899
-9.38729	10.9482
6.08346	-1.50015
5.52507	-8.41332
-9.43522	-8.54573
13.4707	-10.5063
1.90633	-3.18004
-1.26529	10.9467
-8.1045	10.2041
1.27138	-6.90911
6.93008	6.58261
-5.05366	-1.75556
13.7351	-6.43891
10.7708	9.4645
-9.90572	-9.22986
11.0958	14.6282
-3.79325	14.8892
-7.51558	-6.97475
-14.0192	8.65389
-8.8507	-9.63907
13.6591	-7.56774
-13.3944	-12.8617
-6.33917	-5.41974
13.1547	-13.5789
-2.10502	-8.84446
9.62612	11.6241
-10.9904	10.7487
5.234	8.57055
-13.5576	14.2351
-5.60496	8.13156
-10.1955	-10.1986
1.29908	14.5319
-12.202	9.23607
-13.4059	-7.69008
5.89124	-14.7557
-7.55624	-11.67
7.2309	-5.42557
9.12782	12.1442
4.29699	-1.69524
6.00655	-14.6181
-12.2976	7.91312
-3.55627	-1.75234
2.93699	-13.4437
13.5229	-13.0584
-12.7508	-0.417843
-8.88008	2.37433
-3.0879	-5.05263
14.5459	4.62305
9.407	4.10165
5.08523	-9.73481
7.17207	14.435
-5.5215	-3.97329
8.61876	10.6337
-6.16222	2.25278
-12.108	-0.543191
-14.6598	2.1114
10.9807	8.05621
0.886969	-10.3788
-14.6005	-11.6077
7.28161	-4.26718
-2.9983	-14.4368
0.753749	-0.013902
-9.33119	-5.92673
13.2032	-9.31113
8.66782	5.20629
6.00091	8.86961
-12.0205	-3.54576
7.56067	5.10326
-7.86968	8.85425
-0.0689051	2.25283
0.647208	-4.69833
-0.922474	-12.1041
3.48126	10.1289
0.790214	13.5478
-7.657	10.1794
-9.56393	-1.7459
-5.37917	-5.90673
9.38363	-1.7305
2.61514	7.48272
-14.6273	13.1496
-7.52538	7.68593
-1.15959	-1.45119
-1.2085	5.45935
-10.8809	13.9477
-14.6552	-5.37373
4.70905	13.4801
2.16602	7.45125
-2.07743	-4.66312
7.48965	-6.86461
11.5564	12.9705
-8.61334	7.58593
11.687	-10.2563
4.3796	7.55798
2.82652	-5.33865
7.32374	1.11122
-0.278369	-10.4707
3.49548	-3.63821
-0.545351	-1.92273
12.6475	-7.50751
-2.35569	-2.46636
-12.8323	-3.32322
14.6395	-11.1563
-0.649066	7.51673
4.49114	5.79078
-10.0421	8.40545
-6.28985	-7.79477
12.7957	-2.52873
-0.911098	8.29237
12.8962	8.81622
0.132484	-6.01343
5.86593	12.4026
-11.4647	7.68005
-4.16922	-8.60173
7.38475	-9.42572
-4.82238	9.67345
-5.5419	5.46714
-9.12228	9.55297
11.7933	7.23344
-7.89137	7.55558
-14.9533	5.88305
-9.41761	10.1792
-1.06422	-0.418744
-6.46685	2.34426
-1.8022	0.017308
9.3702	-6.93235
4.96396	-1.22217
-9.95412	-9.20106
-9.61939	-4.52751
2.46414	-6.28689
5.98151	-9.27607
4.16319	11.3766
6.91365	-2.86304
-2.81444	8.60446
-10.4721	-3.17689
8.51124	-4.74639
-13.0305	6.72028
-7.73538	14.6055
3.08129	-4.62853
-3.08317	7.93385
4.64474	-4.76993
-14.1793	4.68633
14.7141	14.7151
3.80241	10.5448
3.60441	2.35524
-7.14262	-8.15716
11.3089	-6.49223
-8.3009	-3.23639
-3.92954	-11.3139
-2.23264	8.46177
2.56104	-3.71167
5.73626	-0.04296
-13.8407	9.06853
-5.74674	-7.77049
11.9269	-13.4478
-13.5207	-7.19982
-12.4468	10.5434
12.4068	2.61203
-7.9275	-3.35949
5.95929	6.94969
-11.7535	-11.9953
10.0098	2.03378
14.4536	-7.01126
8.99877	-1.04203
11.9118	-0.214342
7.02227	-5.78871
13.526	-9.87684
-10.8208	-3.66337
-1.36409	-4.86708
-0.805719	-10.7215
9.25236	11.8734
2.55013	3.99384
0.76839	8.71373
-13.1571	-11.6851
-0.576728	-13.0652
-7.68532	8.25965
6.30799	-11.9618
14.4959	12.3708
5.56915	4.32347
13.0024	-13.1292
-4.17955	-13.6003
-1.80437	-6.60233
10.5824	14.3441
11.8061	4.59036
-10.6363	3.21
6.88566	-11.254
6.30046	0.0114017
-6.69265	-13.8511
8.7205	12.7344
-1.19525	4.94304
-0.872893	13.0213
4.01556	-11.1696
-14.7469	11.2688
14.0562	-10.948
-7.31493	-1.27306
-3.80279	13.9975
5.93917	-8.31462
14.7583	8.4501
-11.2841	-6.54522
4.62147	-7.45033
-3.03078	12.9888
5.01245	9.98946
7.38472	6.68524
6.88794	8.58953
-14.1602	12.4765
5.08071	-7.0318
0.550883	2.05171
-8.10584	11.9928
-5.42021	-12.8946
7.44018	11.7442
12.8182	-2.2484
-11.722	0.238036
-8.41352	-3.4602
8.40476	7.04424
-14.111	12.021
-5.75301	-10.3425
-13.5253	10.2036
-10.9961	3.76525
10.8598	-8.93385
-8.12431	-4.58142
12.1444	-3.5862
-4.31048	4.32502
-13.6024	-7.51964
-7.32406	3.58443
10.0567	9.38469
11.4548	-3.3634
8.14415	-13.08
-12.0866	-5.96134
-11.6136	-7.78126
-3.72895	14.6611
5.99437	-14.5467
13.1066	-8.06182
-10.2202	-8.76764
0.475052	-1.2546
0.71425	-8.6413
-12.0237	-14.4619
-7.98125	-12.57
1.06873	4.59073
-14.3431	8.49627
5.73505	2.05816
-7.22966	13.1113
-14.0019	-14.8789
2.1386	8.82944
6.35354	-2.56036
7.15004	11.1181
-12.1504	-12.8659
-14.5637	-7.51275
10.2315	-2.60906
1.65851	-8.51809
-13.6858	-2.79631
5.10332	12.97
10.6156	1.2056
-2.28543	-9.8457
