139.766899	35.677993
10.719765	59.935503
-2.237434	53.480946
-121.935792	37.702152
5.122222	52.090833
-115.137223	36.174971
-84.218573	34.155989
-74.002694	40.733113
139.834131	35.146541
-97.240385	32.866332
0.0	0.0
-73.329286	40.761765
-87.993776	42.139164
103.96324	1.32392
-117.157255	32.715329
-71.101113	42.363839
17.969853	59.360892
120.982222	14.604167
80.585999	16.53561
-96.786368	46.879022
139.889929	36.588395
-112.074487	33.607658
140.966667	42.316667
-83.221873	42.473369
-93.263836	44.979965
10.878961	56.413089
10.74919	59.919467
-76.304245	36.866241
-70.75789	43.06927
8.683333	50.116667
-122.200679	47.610377
144.990792	-37.868267
0.0	0.0
-118.243685	34.052234
-111.964558	33.385285
10.394773	63.430943
-81.814756	26.431266
0.0	0.0
-118.083005	34.123252
-122.419415	37.774929
139.705288	35.692976
-98.262601	29.588358
143.741673	43.794449
-95.537317	29.86104
-105.277487	40.019136
-94.58005	39.092871
-1.97964	52.485098
-111.891047	40.760779
-86.21055	39.911902
-118.127015	34.095287
-105.094961	39.985764
-104.831919	39.729432
-81.061169	29.02402
4.636831	52.380839
-118.242485	34.053156
-123.328393	42.439007
26.1	44.433333
0.835736	51.890252
4.34898	50.917457
-7.75	53.666667
-82.339053	27.110996
139.733132	35.6462
-88.824294	43.475159
-105.269824	40.019698
18.08131	59.333481
15.633333	78.216667
126.922771	37.547952
-83.067965	40.298672
135.498324	34.675653
-122.139524	37.699552
-0.187411	51.531308
-77.434807	37.541384
-117.937632	33.704456
-84.162549	33.871288
-121.485865	38.582772
121.9274	11.971839
-1.601571	54.961756
-123.328852	48.091905
139.356796	35.332169
-88.993687	40.484203
139.975112	35.704365
140.391667	35.763889
153.05	-27.533333
0.0	0.0
-80.430522	43.683494
139.061883	37.912027
-104.98248	39.762146
-118.232911	34.165077
106.601844	29.574586
0.0	0.0
120.168889	30.255278
-122.50634	37.746203
-118.451745	33.980289
138.243123	37.171084
-70.350882	43.537862
-73.985506	40.757929
105.0	35.0
114.173468	22.27667
-122.327596	47.607159
12.577301	55.680809
6.014343	59.148954
-98.685339	29.576832
138.0	36.0
-87.893157	42.076469
-119.939072	39.089352
-81.603919	41.124005
-87.908962	43.073272
-80.268384	25.72149
-117.90006	33.91668
-94.658675	38.91704
-122.182757	37.453627
-97.677256	30.379657
-77.016365	38.900112
-82.529406	27.408194
-85.405992	31.247454
115.756037	-32.366649
-122.757038	38.50891
12.574818	56.274065
-0.75	51.416667
-118.337646	33.825195
-73.543855	41.061528
-105.252794	40.01473
-76.463574	39.412607
139.666527	35.598228
-96.73421	32.975667
-85.30913	35.054693
-95.968328	36.022873
-76.724076	39.109616
34.836667	32.165833
-79.556653	43.613621
-72.913293	41.512518
-3.640276	40.456847
-112.070593	33.452214
-104.98776	39.647765
114.727669	4.535277
-77.608482	37.652187
5.108153	52.076488
-114.479703	42.591898
139.117234	34.939474
-2.994756	53.409581
-157.852428	21.302167
-118.383596	34.09066
-118.134529	34.146821
-80.256693	40.495999
-84.387982	33.748995
0.0	0.0
-151.476551	59.645595
-121.31692	38.7155
-94.518124	39.130581
-86.10393	42.790332
106.860833	-6.156111
-112.346398	33.764561
-117.871856	33.598393
0.0	0.0
15.686266	58.431281
-121.946719	37.325601
-122.997378	44.961065
-97.514513	35.477645
0.283327	51.507995
-83.687687	42.255393
139.884946	35.691866
139.604892	35.654595
0.0	0.0
-83.740883	42.277563
-71.425451	41.829013
-73.777986	41.0572
-82.786976	39.936895
2.366667	48.9
-73.927164	40.858194
-81.31144	28.44175
-96.921928	33.046228
-93.093274	44.94441
-95.048891	40.237913
-82.9732	40.144405
13.656057	43.39285
-79.995886	40.440625
139.403182	35.334963
-83.740883	42.277563
-112.107222	46.320207
-0.161449	51.512837
-91.005602	30.452319
139.685762	35.710422
-157.9685	21.393351
-112.006423	33.43476
-121.163836	38.763235
139.698041	35.65964
-74.365427	40.414829
-1.499011	53.37567
13.393792	52.517351
0.0	0.0
-88.986329	31.889239
-97.211088	32.922367
-86.673943	34.713385
-105.087484	39.802764
-98.5	39.76
-77.595382	43.147532
100.368683	5.346092
-3.711208	40.423228
-79.506279	8.991913
136.933333	35.066667
-84.572996	37.880634
141.348259	43.085111
-98.387855	34.604112
136.905418	35.159115
2.34439	48.81958
-85.99682	42.826818
-46.660557	-23.543727
-117.273493	32.840032
37.644579	55.76871
-81.377758	28.541943
-84.247284	33.89132
-82.244459	27.93768
139.766779	35.727432
-73.056495	41.222319
-87.633197	41.877997
-83.221873	42.473369
144.875143	-37.824576
-80.000429	32.784591
30.315785	59.939039
-75.605488	39.960664
77.6564	13.0232
-78.61418	33.873228
-122.525239	47.635955
-155.076654	19.712011
-100.791874	46.822301
-96.625326	32.328704
-2.888971	54.047902
-95.861123	41.261943
2.171324	41.387281
152.930099	-27.177631
0.0	0.0
-87.883399	42.033362
-122.699409	45.534775
139.701613	35.659112
-120.643312	35.248902
-95.301062	32.35126
-77.491446	37.454808
137.841814	36.314433
-122.332071	47.606209
139.703653	35.664437
-122.418573	37.763366
-80.320206	25.597122
139.507603	35.6038
-75.349912	39.902057
-77.413395	38.470049
17.914581	59.6548
-93.292279	37.22842
-93.170672	44.940029
-77.001079	41.24119
0.563506	52.74388
4.700925	50.87959
-94.689077	38.957194
-112.066071	33.449381
0.0	0.0
0.0	0.0
-122.356407	47.623566
-122.333504	47.600881
-73.946579	40.71286
-94.497523	38.82904
0.0	0.0
-1.498672	53.473249
-98.707574	35.526163
-83.505384	41.628776
-117.183089	32.685885
141.293974	43.047712
-87.632149	41.933462
0.0	0.0
18.05286	59.343846
-117.918669	33.641132
9.991508	54.058453
-73.992842	40.729553
-74.005973	40.714269
139.700513	35.659444
-112.074037	33.448377
-87.588136	41.791624
-116.527101	33.836628
-73.432344	40.81621
-85.348312	32.649063
12.691108	56.049544
-119.072357	35.306454
-86.184527	41.69847
-117.688944	34.012235
-81.341117	28.528615
-117.721873	34.0026
-81.042099	34.03168
-157.998569	21.428479
-34.863056	-7.115
-117.707112	33.524985
10.824936	60.685669
-122.486919	37.613825
-122.419096	47.575393
-105.277236	40.01703
0.0	0.0
-81.454844	39.415352
-70.895234	43.200661
7.116667	43.583333
-98.602517	29.55208
-121.494359	38.581562
0.0	0.0
-84.133377	33.957221
18.07158	59.31013
-79.416304	43.700114
-94.189362	36.057022
-83.621906	42.201746
-81.591306	41.487588
2.5	48.716667
139.659664	35.575741
-84.508442	39.104194
-85.756817	38.255221
-111.852685	40.690419
-77.055979	38.871008
-73.991712	40.760268
-105.500833	39.00027
4.471163	51.03331
-81.522375	41.521725
-122.345216	47.616186
139.66656	35.661637
135.497511	34.700936
-86.187442	39.591871
-83.481449	41.844113
-88.310657	41.889623
-104.984703	39.739154
-73.962433	40.695339
0.0	0.0
-74.011803	40.713175
139.72543	35.647953
-98.5	39.76
139.552782	35.92746
-75.441584	39.830112
12.526719	55.645701
121.4611	31.225776
-73.411509	40.853432
-77.446747	37.548116
-95.937792	41.25861
0.0	0.0
-83.7	9.35
-89.670485	38.691682
7.866667	49.833333
153.433428	-28.027819
-79.33066	43.673295
139.613979	35.504369
-96.823735	32.741902
-96.671508	32.957529
-90.187305	30.630189
-105.939209	35.687231
-87.59711	41.79796
-86.536081	39.171698
-73.952028	40.797352
-94.531778	39.107101
-117.914504	33.835293
-122.419415	37.774929
-122.298149	37.88015
-115.176416	36.116143
-74.632936	40.569547
-122.332071	47.606209
0.0	0.0
7.774801	49.359346
-76.473904	39.372617
-122.296547	37.523827
2.353795	48.861741
-118.308922	34.061497
-75.146139	39.949925
-87.892196	41.563098
2.688904	41.627633
-0.085281	51.518664
-84.335965	33.922157
-97.744296	30.267012
7.751755	49.42306
0.483333	51.733333
-105.015783	39.732828
-81.75757	41.46115
147.166667	-41.45
-122.419415	37.774929
16.372075	48.208488
-122.121512	47.673988
-77.036339	38.928371
-118.308966	34.180839
121.571059	25.049837
-116.97605	33.218486
-103.846863	20.87886
133.367314	34.483166
-118.436755	34.063145
11.966794	57.707162
0.0	0.0
-121.512277	44.035727
74.186356	32.102893
-82.355648	41.410938
-98.216987	26.267757
-82.025442	36.89605
-76.472185	39.394552
-122.332071	47.606209
140.5	35.5
-4.25	55.833333
-81.034814	34.00071
-105.003773	39.916494
28.083333	-26.2
-122.315507	47.626526
-120.670454	35.267582
139.931306	35.833422
135.75399	34.925921
-110.938826	32.163699
-93.558558	41.393782
152.930099	-27.177631
-154.493062	63.588753
-4.25	55.833333
135.5	35.166667
0.0	0.0
21.227222	45.749444
-122.422565	37.768654
-105.288201	40.037443
139.697906	35.689818
-84.382886	33.786843
-6.802778	34.039444
-82.3992	34.850824
-97.058693	49.828363
-96.801425	32.779772
-86.535462	39.166587
-73.957343	40.786904
0.0	0.0
-76.878141	40.261096
-75.670486	39.714834
153.016667	-27.433333
139.661172	35.788833
-93.263836	44.979965
-122.628347	47.626414
-157.865356	21.318618
-1.865224	50.722749
-97.722335	26.212892
137.405923	36.826301
-16.707566	32.749139
-92.342963	42.492764
21.615772	63.096001
4.811518	52.233038
-82.679266	27.770861
-73.777634	41.270927
-121.405835	38.455289
-82.667414	27.880502
0.0	0.0
114.860617	4.875853
-80.952574	35.320695
139.758397	35.667623
0.0	0.0
-93.265616	44.946401
-121.351485	38.658005
-104.999317	39.747733
-157.843201	21.291946
140.3375	38.252778
-118.39417	34.076179
0.0	0.0
139.731004	35.665725
121.519142	25.109174
-115.335174	36.158891
-77.584515	37.661543
-81.840591	26.62168
-80.286696	25.704184
-73.981764	40.763122
-81.215561	37.793854
-86.759721	36.172556
11.753625	57.74348
-87.655363	41.948304
-111.84125	33.30616
-81.516406	41.076451
-82.669415	40.36516
139.699024	35.644609
-81.533129	28.325288
139.682282	35.678451
-116.872571	32.928838
-122.393107	37.785947
0.066667	51.183333
-98.333529	26.169449
-122.366083	37.584103
139.443922	35.508399
-87.975844	42.242332
-118.243685	34.052234
139.704364	35.815725
-87.526042	38.697607
41.926611	45.010471
-86.795713	33.498175
139.452222	35.639722
-0.20133	51.477418
-79.953247	40.879056
139.751159	35.626963
-115.172989	36.117225
-75.163789	39.952335
144.97839	-37.800035
-112.107222	46.320207
12.56738	41.87194
16.0	48.25
4.391217	52.061789
0.0	0.0
-77.036562	38.897665
0.0	0.0
-3.206268	55.948317
-0.01058	51.514296
-97.098692	32.939502
-96.806667	32.783056
-122.389903	37.615463
0.0	0.0
-87.216915	30.421309
4.97656	52.308618
-84.387982	33.748995
-78.090157	40.060569
-88.249606	40.114556
-86.636858	34.712817
139.57073	35.620488
2.363067	48.898573
-77.096707	38.996945
-157.938001	21.381767
-149.910983	61.195198
139.633423	35.739431
24.760263	59.430839
0.0	0.0
-73.956671	40.666288
-100.08073	20.607582
-83.650499	42.238777
-86.772881	33.465153
11.605656	44.816999
-122.250399	37.799826
-90.186776	38.955603
-122.412447	37.775585
139.707832	35.730507
-54.632236	-16.466812
-2.534747	53.583312
-71.438804	41.839296
139.69784	35.662348
139.621139	35.462344
-85.753017	38.184514
-71.477147	41.732693
-80.849242	35.223803
-77.860001	40.793395
20.304837	63.821268
-73.988367	40.764185
-85.683937	42.863877
-77.057397	35.104253
-104.984703	39.739154
-73.002205	44.508892
15.506529	50.608896
-122.536978	45.560689
-46.636111	-23.5475
-117.872168	33.712616
-6.389911	54.449405
174.767938	-41.309648
6.515278	49.776389
139.099027	37.911841
-73.974938	40.7549
2.000898	41.569594
-65.972184	18.254765
-94.289266	33.471839
-122.392848	37.782456
-122.375804	47.570548
-73.945538	40.807798
-117.903428	34.089117
-106.561042	31.836581
-97.147045	49.884399
-1.489296	53.678687
-97.610653	35.529659
-76.612189	39.290385
-80.952574	35.320695
-85.760281	38.254186
130.444322	33.584844
0.0	0.0
-87.11333	37.774215
139.699447	35.675747
153.127476	-27.621551
139.749838	35.654071
0.0	0.0
-104.89907	40.473976
-85.5718	38.268129
-90.422618	38.660885
-73.602055	40.744575
-4.381073	55.606033
-72.64158	42.173036
139.65	35.45
130.487021	33.591013
143.857618	43.79762
-117.915202	33.796523
-119.695964	34.418192
-104.9743	40.160671
-93.397454	45.188854
-118.359523	34.18195
4.85939	52.334421
-97.516428	35.46756
-104.792784	40.392822
-2.716667	53.766667
0.0	0.0
144.967346	-37.815446
139.768564	35.68371
18.015625	59.327043
-74.005973	40.714269
-117.930758	33.811571
139.960471	35.894922
-122.027535	37.04563
150.916667	-33.766667
-84.924386	35.141753
-73.357895	41.141486
-158.064821	21.335572
-88.206464	30.741222
137.212952	36.690789
-87.893578	42.026286
-114.072274	51.04677
138.148174	36.581527
-76.428003	36.978759
1.183333	51.083333
-122.982907	45.322413
-95.363271	29.763284
-74.290702	40.477884
-121.4709	38.57059
-86.135501	39.712235
-73.994711	40.738746
-95.632391	38.928118
144.963323	-37.813997
-111.720599	33.23381
-83.059817	42.378689
139.576042	35.701243
-87.767767	41.98512
-77.17352	39.060131
-79.506279	8.991913
-86.602996	34.744862
0.0	0.0
5.127172	52.114123
-84.387982	33.748995
-98.5	39.76
-96.932031	33.021199
-2.55	53.6
-79.191534	36.551362
-98.534876	33.871805
0.0	0.0
-118.314584	34.076239
-97.754374	30.250912
-122.268841	37.474904
139.727799	35.625735
-78.635941	35.778793
144.966681	-37.815107
-122.206481	47.675335
-96.806667	32.783056
-78.790208	35.876409
-112.108467	33.66761
-118.027391	33.785268
121.475	31.222222
-83.46665	43.653511
0.0	0.0
7.0	43.6
12.91591	41.813936
-76.303656	36.835376
-111.930941	33.493073
-77.488234	37.557411
-119.037602	34.216394
-154.493062	63.588753
-96.770371	33.056012
-122.375	37.618889
-86.148392	39.689315
-78.659593	35.789019
-73.211658	40.736572
-86.586104	34.730369
26.1	44.433333
-155.989649	20.757587
-84.155741	31.578507
-104.912197	40.336927
8.521516	47.387665
124.171524	24.344357
151.61828	-32.781422
-95.048891	40.237913
-78.875041	42.918268
135.76141	35.029114
121.029444	14.556944
130.627957	33.409417
-121.914007	47.647879
-112.383035	33.533586
-74.005973	40.714269
-122.332071	47.606209
-84.280733	30.438256
-87.649479	41.947268
-93.580577	41.715027
-70.757259	43.076932
118.755278	30.9525
140.3	35.0
-73.943049	40.669677
-102.0	23.0
-118.442914	34.028057
-73.986825	40.640307
-77.041074	38.90468
0.0	0.0
-122.282446	37.487283
-84.523989	39.335857
4.699228	50.877849
-102.394032	30.142408
134.924343	34.691813
-95.283378	38.962934
-4.223878	55.767366
-105.251239	40.033172
-84.349238	33.767451
-75.026926	39.902462
-157.788991	21.277887
112.5	2.5
120.982222	14.604167
-122.274911	37.77138
11.047562	60.004379
-94.605136	39.057237
-97.743231	30.251466
-75.076919	39.859235
-106.586333	35.127412
-122.771194	45.43951
130.385109	33.577112
-116.314248	43.591142
-88.37505	42.087
130.528437	33.314409
-84.404319	33.772049
-46.636111	-23.5475
4.493056	52.0575
4.871589	52.386084
-85.68146	42.956681
0.0	0.0
-98.682602	29.485611
0.0	0.0
139.309178	35.884237
-115.27221	35.466653
14.383333	67.283333
-122.419415	37.774929
20.468056	44.818611
-118.492268	34.019122
-82.647089	27.802746
139.630735	35.895035
-73.983611	40.779167
-81.795105	41.482863
-84.23403	33.83579
-121.947784	37.321854
0.0	0.0
-105.939713	35.68648
18.4167	-33.916698
-4.25	55.833333
138.6	-34.933333
-105.167389	39.955376
-97.677256	30.379657
-70.255326	43.661471
-157.843893	21.291141
-88.050446	42.127568
174.776639	-41.278536
18.062639	59.329468
0.0	0.0
-96.802182	32.864257
139.450833	35.540278
-112.134876	33.683928
138.998587	35.258378
137.624172	36.12335
-158.007222	21.315556
-96.799904	32.794327
-111.96392	33.401595
139.675684	35.591719
-95.464097	37.667407
-118.435599	33.990017
-86.150071	39.773533
-117.413511	34.224652
2.3488	48.85341
-74.032363	40.743991
-77.007856	38.900455
6.116667	46.2
-75.490183	40.60843
-121.98694	47.73256
-97.337768	37.685393
140.006561	35.875014
-95.363271	29.763284
-122.366083	37.584103
121.098889	14.629167
139.734336	35.662519
-73.990476	40.761278
-77.021361	38.903245
135.695785	34.926771
24.666667	60.216667
-79.392704	43.670002
-118.260518	33.844145
-73.416789	40.729266
-0.05	51.55
-116.940487	32.746931
8.45	48.066667
-97.706696	26.184387
140.445417	36.389572
14.514722	35.899722
130.553043	31.592154
-81.027063	35.259613
-105.007477	39.746381
0.080406	49.3657
-112.847373	33.435434
-111.889595	40.760722
-74.595965	40.880242
6.13	49.611667
-87.67923	42.033869
-95.957183	36.059787
-104.949425	39.720399
139.783333	35.883333
-84.3765	33.7368
-92.781039	45.021356
121.029444	14.556944
-118.376603	34.077447
-121.861921	37.358044
-121.79726	37.253433
139.711727	35.597241
0.0	0.0
-93.263836	44.979965
-117.955582	33.645151
-84.727828	45.868624
-122.204683	37.476017
-91.118161	30.352971
10.397393	63.432716
-75.508267	40.60963
-71.255804	42.365441
0.0	0.0
-82.826826	37.118432
-117.202936	32.825077
-0.516667	51.433333
-97.516428	35.46756
-83.651606	42.46059
121.029444	14.556944
-65.799932	18.07213
151.194966	-33.883621
-118.243685	34.052234
-122.030796	36.974117
-121.4944	38.581572
-0.028021	51.506699
-121.4944	38.581572
-76.327766	36.946823
-80.729234	35.3025
-104.764722	39.598333
-114.085285	51.050112
-98.652863	29.495782
-118.38945	33.779358
-105.140158	39.764491
-101.922404	33.532619
0.0	0.0
0.0	0.0
-116.203451	43.6135
-84.598795	39.243752
-2.216667	53.4
-96.344633	30.619127
12.977935	55.61093
-78.787781	43.000244
10.404098	63.432905
-79.416304	43.700114
147.166667	-41.45
18.010731	59.288991
-73.573681	45.5143
7.076088	48.321267
-118.5439	34.3526
5.331713	60.387662
-118.361381	34.061885
-77.05	-12.05
-110.658885	50.00477
-114.099059	51.064539
139.577371	35.360067
21.29606	48.682051
139.729461	35.674546
12.91591	41.813936
-76.1925	36.92144
-96.8145	33.094
-16.259738	28.456423
-73.123158	41.228775
20.264485	63.826852
139.751389	35.685
-85.388456	38.403597
114.069843	22.546745
-112.075968	33.503378
-81.489763	28.666045
-77.249705	38.658172
-122.357242	47.617682
150.883333	-34.433333
-2.366667	55.933333
-76.670897	39.174578
-82.613548	28.454081
136.901842	35.145643
-87.628356	41.878183
139.67627	35.60733
-3.95	56.116667
-79.995886	40.440625
-89.384563	42.926112
-80.094209	26.934225
0.0	0.0
-84.198292	33.91983
-111.976155	33.394255
-81.503128	28.395285
103.794773	1.287825
-105.27878	40.016512
-70.641951	-33.443135
-118.252391	34.074237
-117.823111	33.669465
-118.133264	33.759649
-0.187782	51.522738
-122.419415	37.774929
-83.239661	42.784475
-89.467924	43.060917
0.0	0.0
0.0	0.0
120.6181	31.3114
-96.806667	32.783056
-85.674096	42.888755
-77.009049	38.884099
-122.30372	47.53691
139.911548	35.798388
-77.032034	38.901294
-105.2304	39.99834
-79.942892	40.444579
-0.357666	53.742966
0.0	0.0
-78.647532	35.78552
-94.367418	32.544871
-82.018916	28.137035
-88.243383	40.11642
-72.033408	42.075095
-88.230168	40.108103
-80.292099	25.702357
-104.98776	39.647765
0.0	0.0
-73.997297	40.721518
-3.364451	55.948472
139.550208	35.702307
-96.806667	32.783056
139.634278	35.797287
120.948056	14.6675
-2.431797	53.100846
-118.325739	34.101218
-80.314923	25.688951
-122.409689	37.742307
-97.668146	30.202633
-82.100106	39.872863
17.931739	59.331988
-90.109236	32.414351
-112.154398	33.45913
-122.419415	37.774929
-82.985755	42.470178
-105.260127	40.000308
-122.675789	45.552258
-122.419096	47.575393
-81.342449	28.508642
-2.856869	54.009393
139.677543	35.679008
0.616667	41.616667
-94.417343	35.351744
-1.342253	54.232687
-2.345071	51.359521
-82.669415	40.36516
153.037131	-27.460354
2.4494	41.5324
-71.41008	41.814194
103.8	1.366667
-76.90567	40.272453
-81.379237	28.538335
-97.710609	30.307498
-81.201199	28.602942
-85.518498	42.913083
-87.786171	41.947969
5.79682	53.21566
-73.987499	40.747356
0.0	0.0
-86.536081	39.171698
101.678684	3.072232
-79.416304	43.700114
-79.99197	32.821483
-122.393473	37.780707
-73.767172	40.658456
-122.182187	37.453827
-76.420497	36.823191
127.679255	26.213781
-81.649377	26.606367
-154.493062	63.588753
-157.739444	21.402222
-84.200684	40.008295
-86.36568	39.628266
-96.799904	32.794327
-118.117012	33.881682
19.033789	47.554086
-117.422035	47.687057
-93.288032	44.953876
-74.005973	40.714269
139.566667	35.766667
-117.426047	47.65878
-85.918944	39.938563
-75.009507	40.204801
-81.086171	32.077168
-117.745331	33.608357
-99.49796	32.413573
140.812125	38.075775
2.109853	41.345659
-1.93319	50.769531
-99.127571	19.42705
-61.528549	16.219653
-94.670792	38.982228
-96.074408	41.247441
-77.020149	38.899574
-105.227234	40.04184
-118.267685	34.077229
-103.200674	44.100419
-76.705527	39.104843
-122.075413	37.419156
67.7	39.533333
0.0	0.0
121.033302	14.5833
-122.341518	47.755653
-96.800949	32.790222
-77.579723	43.213395
-122.332071	47.606209
-111.841322	33.386055
-71.147806	42.357372
-79.142246	37.413754
-77.030141	38.895878
-85.390489	31.223231
13.421548	52.54172
120.168889	30.255278
20.261973	63.8255
-74.012385	40.892493
-111.517624	32.977839
88.35	22.65
2.166987	41.388748
-118.417403	33.900504
-105.096802	39.812836
-84.519375	34.101487
-115.259628	36.048267
-104.864613	39.414199
-111.274851	32.377101
-81.042099	34.03168
139.787121	35.699623
-73.918748	40.69427
-80.01214	40.467755
139.845598	35.721974
-111.795765	40.376895
5.783333	53.2
0.0	0.0
130.448318	33.636372
12.571869	55.677704
-0.159155	51.513319
-82.183842	28.237598
127.660214	26.158981
-104.984703	39.739154
-119.813803	39.529633
139.661172	35.788833
139.454453	35.487686
-96.700812	33.020139
3.024544	39.863305
8.649129	49.588447
2.341697	48.861437
-87.689224	41.975865
-77.430241	34.754052
-122.028961	37.330534
-0.125533	51.508415
-111.702173	40.356227
-111.682588	33.307132
-80.005574	40.443246
-94.655516	39.217447
151.178904	-33.808387
-122.343679	37.580304
-66.085972	18.452411
144.984211	-37.81962
-0.82784	51.81406
139.76162	35.656779
-122.160916	37.443496
174.776505	-41.286569
136.880225	35.171723
-80.952574	35.320695
-58.379807	-34.60141
-79.893934	40.432656
-71.541894	42.345475
-87.741583	41.789706
-115.811434	37.243478
135.695785	34.926771
-122.332071	47.606209
0.0	0.0
9.733222	52.370516
-104.957396	39.717079
-96.652302	34.802627
-95.23525	38.971669
0.0	0.0
0.0	0.0
-121.929958	37.721318
-118.189235	33.766962
-122.877604	45.754281
153.05	-26.683333
-93.263836	44.979965
-92.49736	31.146576
-101.881516	33.578001
-159.491878	22.204182
-122.412447	37.775585
-100.915649	32.708046
0.0	0.0
-73.979473	40.759896
-94.723701	38.956468
-77.374653	38.47091
-77.083252	38.858966
-0.755825	52.041722
0.0	0.0
-118.480954	33.999401
-84.394732	39.208371
-1.150475	52.953602
0.0	0.0
-117.023084	32.767829
-77.109394	38.935748
0.0	0.0
-122.397484	37.777565
-104.901838	39.569836
-97.736111	30.270048
-75.136193	40.232087
135.817628	34.992305
0.0	0.0
17.629753	59.861517
-70.255326	43.661471
-112.076051	33.454552
8.502961	47.357852
-74.077036	41.230813
-1.497681	53.683314
-74.167241	40.736359
-117.619154	33.419313
-121.29839	38.203792
-2.745209	54.148621
-87.772922	41.821537
-81.230343	28.648053
-84.378326	33.884152
-78.631362	35.77443
-112.074037	33.448377
139.971516	35.862309
-0.09067	51.52488
139.666933	35.690519
-78.647532	35.78552
8.24726	50.0847
-93.142754	44.953008
151.208934	-33.83421
-111.9762	33.377384
-112.06621	33.44954
25.583333	-33.966667
-117.992326	33.68252
-118.308966	34.180839
21.29606	48.682051
-76.469988	37.112612
139.765717	35.672303
139.703966	35.690637
-76.529857	38.995588
-77.057397	35.104253
139.700162	35.661768
-117.426047	47.65878
-98.401975	29.494297
139.751389	35.685
-90.197889	38.627273
-75.535654	40.041874
-117.746735	33.651076
0.0	0.0
-117.164412	47.665705
-122.419415	37.774929
-118.193032	33.767582
-122.383976	37.599784
-118.326641	34.093846
-8.399033	51.824434
-158.007222	21.315556
-122.217066	47.482878
-118.14465	34.144513
-112.255237	33.465066
-117.019177	32.782989
-88.298522	30.631045
10.716439	59.943729
-84.86013	33.835068
139.873146	37.645815
170.516429	-45.866248
-86.796728	33.490434
-115.171528	36.111814
-119.775735	39.504141
-87.625067	41.878896
0.0	0.0
-66.111076	18.369381
120.982222	14.604167
13.089619	52.396266
18.048528	59.338463
-3.233333	54.116667
-76.612189	39.290385
12.371736	51.339586
-82.529343	27.316088
-122.103188	37.666115
-74.005973	40.714269
13.002944	55.605773
-118.243685	34.052234
24.834981	60.186982
-99.16832	19.4214
143.884003	43.808048
116.397228	39.907498
-93.263836	44.979965
130.553043	31.592154
2.010438	41.30343
149.125238	-35.279822
-97.681067	30.483039
-95.937792	41.25861
140.036683	35.646741
-118.308966	34.180839
-70.337532	43.634603
-99.40075	35.385159
-79.142246	37.413754
-82.321482	29.651953
-75.313039	40.255855
-79.368387	43.665314
137.405381	36.809659
-115.206701	36.110412
-58.426743	-34.584625
-122.371769	47.654851
-122.407781	37.78247
-72.508187	41.589374
-121.779916	37.245609
-97.516428	35.46756
-122.403986	37.790475
173.285186	-41.270088
139.731586	35.664619
-0.20133	51.477418
153.114855	-27.390077
8.506042	47.382977
11.6793	58.2367
8.987732	48.786499
-76.994473	38.933234
-81.034814	34.00071
-73.983833	40.725883
-85.243912	35.019981
4.385406	50.817947
114.150074	22.284014
-97.707517	30.280004
8.649129	49.588447
1.106873	41.15612
121.524367	25.06527
-2.296173	53.467903
-97.571098	35.563405
-72.685093	41.763711
-80.829783	27.243935
-122.3299	47.604415
6.083422	50.776636
-85.756817	38.255221
-122.31348	37.543916
-112.456399	34.489943
2.3488	48.85341
-97.251682	32.93457
139.787988	35.683219
-112.07253	33.458955
-75.237266	39.876266
-118.464639	33.990525
-86.167228	39.76581
-84.350456	33.819007
-93.8139	41.288446
0.0	0.0
-97.39981	32.675982
-122.811185	45.424704
139.724159	35.672765
114.946553	4.944108
135.461324	34.83326
-76.780752	39.296315
-97.990549	26.175346
-97.677866	30.413599
-122.39188	37.61476
12.577301	55.680809
150.396909	-34.463117
-111.970517	33.270931
139.677794	35.674742
-76.317414	36.292707
138.938059	37.742877
-118.144515	34.147785
-2.888672	53.498695
-78.641367	35.795078
-96.520639	39.84156
-84.327416	39.269188
-1.883333	50.716667
-94.578567	39.099727
4.461951	50.892691
-95.278501	32.317465
-105.003896	39.748264
-122.419415	37.774929
-104.984703	39.739154
-65.799932	18.07213
-97.775649	30.282807
-118.163452	34.016243
0.0	0.0
-81.591425	26.307227
-84.29409	34.075376
-76.262166	36.905321
-71.464991	41.977906
-76.298136	36.865364
-157.870576	21.318448
-80.841971	35.200006
2.65924	39.58773
140.812125	38.075775
-118.2379	33.791441
-77.245636	40.177551
-122.415472	37.768635
-76.798707	39.267066
-2.05	52.45
139.719593	35.76812
-97.743061	30.267153
-81.471717	28.445853
-122.332071	47.606209
-118.14266	33.77761
-74.069239	39.947609
-82.231816	39.458681
-79.232403	43.725055
0.0	0.0
152.973084	-27.414276
139.737564	35.629005
-99.250606	31.250442
-96.847486	32.411824
-105.301567	40.003829
-82.344572	27.991524
135.535396	34.61056
-46.683924	-23.580932
-96.982774	30.65696
-0.549316	52.064101
-76.549642	44.257515
0.0	0.0
-95.937792	41.25861
4.635917	52.385124
-96.707192	33.009243
139.419934	35.462669
-79.054589	35.908162
-71.059773	42.358431
-86.009658	39.803962
-58.43248	-34.552704
0.0	0.0
-77.034824	-12.121686
139.653257	35.881127
113.25	23.116667
-77.057397	35.104253
-73.969154	40.755977
-75.165976	39.943554
-87.669171	41.910045
-86.009658	39.803962
-122.75916	45.317489
-78.898619	35.994033
-74.502776	39.980493
4.666667	50.9
-89.40123	43.073052
-3.666483	40.470792
-87.799558	42.059617
0.0	0.0
-82.757311	27.920644
-112.10755	33.376148
-75.163789	39.952335
-96.848836	33.020526
-122.419415	37.774929
8.796487	52.204553
-95.617072	39.015127
145.305236	-38.001447
-122.365591	47.663866
26.721553	58.383368
4.391217	52.061789
0.0	0.0
4.492968	51.919516
-111.987242	40.652772
2.3488	48.85341
-1.295944	51.082581
7.0	43.6
106.829444	-6.174444
-71.412834	41.823989
-98.472059	29.60947
14.2	46.3
-105.011551	39.758038
-93.11173	44.938082
-117.416739	47.660127
-82.262604	28.01837
-4.0	54.0
6.493735	46.1532
-74.173176	40.287462
-75.247445	39.87398
-74.014306	40.787879
-122.82494	45.506936
-111.947552	40.713848
-118.470974	34.053128
-80.407399	37.149428
-81.034814	34.00071
-100.915649	32.708046
-87.093592	37.772221
-83.191757	42.232506
-118.15027	33.77895
-81.200056	42.983888
-74.005973	40.714269
4.847222	52.386667
0.0	0.0
28.083333	-26.2
-0.096577	51.508057
-0.687087	51.41581
-122.437155	37.772294
-155.863876	19.913616
-82.512846	27.962507
-86.045365	39.892505
-83.030203	42.580312
-93.308048	37.198848
-99.1386	19.4342
136.904231	35.163639
-70.374469	41.705664
-2.583333	51.45
139.580655	35.259483
2.238936	48.883415
139.481462	35.58341
138.253063	36.067864
-122.257191	37.503159
-77.028067	38.928487
-71.394203	42.304124
114.200745	22.342468
-100.765423	41.123887
-86.651385	36.470323
-87.625677	41.885408
-2.283333	53.016667
-77.001079	41.24119
-122.419415	37.774929
-85.516686	42.789198
-105.270546	40.014986
-118.343157	34.089988
0.0	0.0
114.171943	22.323055
-79.648341	43.501822
12.110882	47.790497
-0.566667	51.216667
139.427967	35.388417
-122.039262	36.967588
145.1	-37.9
-118.2943	34.101748
6.960194	50.945373
-122.676207	45.523452
130.766667	32.8
-90.182553	32.30654
-97.853069	30.578806
-79.377901	43.649136
-73.557338	42.748967
-94.599339	39.046027
0.0	0.0
-73.987173	40.68746
7.166667	4.433333
-75.977897	36.858387
0.0	0.0
-118.400356	34.07362
5.5	59.333333
-118.367246	34.16084
-90.24523	38.643895
3.207421	51.003144
-78.792343	35.87289
0.140456	51.580571
121.559834	25.091075
139.670616	35.815432
-97.14479	32.985003
-2.883407	53.190552
-98.60947	29.579176
-93.216944	44.883333
-76.205495	36.855511
-105.081426	39.776611
-87.595955	41.782211
139.731545	35.665355
147.166667	-41.45
144.968887	-37.819687
-94.591108	39.056803
4.32095	52.094428
-122.444183	47.257126
-112.127096	33.540319
-111.718157	33.606395
-122.62826	47.613725
-122.407186	37.790365
0.0	0.0
-105.277568	40.018289
153.047241	-27.466759
0.0	0.0
-112.074595	33.488769
-73.657043	41.003351
-72.599534	42.587586
-105.218628	40.016637
151.209471	-33.834386
0.0	0.0
139.701664	35.657058
-84.447163	39.075061
-98.691261	29.435136
139.633639	35.456956
-122.346193	37.580003
77.619835	12.871887
-122.213364	37.420351
-105.013211	39.732472
-79.903929	40.412222
-73.966053	40.804453
37.414722	55.972777
-157.862571	21.311436
-95.402301	29.707493
4.62463	52.259533
-95.722333	29.874725
-105.14886	39.72094
-80.728252	35.304914
7.0	43.6
-118.314946	33.790295
-157.917148	21.367154
-84.004351	34.120656
-84.3847	33.753727
-84.424062	33.810034
-76.340053	40.03823
-122.230067	38.122451
-95.363271	29.763284
-75.014691	39.975976
-86.669441	35.952285
139.580287	35.703303
-95.363271	29.763284
-94.367418	32.544871
-111.40292	35.917889
-73.784565	43.08313
-81.16064	36.145965
14.2	46.3
-86.784443	36.16589
-117.300878	34.426389
-105.064468	39.880157
-117.345767	47.675171
-93.263836	44.979965
137.244797	36.084875
138.266667	36.4
-84.389151	33.756345
140.477156	36.342847
-79.072155	35.9098
139.583953	35.703279
139.731232	35.607715
-80.134683	26.746265
-90.653196	34.54415
-74.007937	40.723541
-101.870017	33.587985
-71.48654	42.305327
-93.198053	30.050909
-73.994993	40.760287
-84.213531	33.941213
-111.642224	33.459458
-95.363271	29.763284
-116.759226	36.908557
-92.397795	34.870038
-90.153605	38.359866
-81.565172	41.497345
139.02497	37.922652
8.385328	49.005491
-118.243685	34.052234
-77.544634	34.4278
0.5094	51.26819
139.622715	35.466188
132.464106	34.392975
141.350801	43.068625
0.0	0.0
2.3645	48.726299
139.916667	35.683333
24.771466	66.085381
3.716667	51.05
139.763907	35.691861
-87.475155	36.710877
-111.96835	33.504479
0.0	0.0
-118.163452	34.016243
-87.671692	38.901711
-73.788071	40.64248
-74.320465	40.686676
0.0	0.0
0.0	0.0
-76.517415	38.950806
138.383333	34.966667
-71.130385	42.393843
-106.731818	32.272375
-122.332071	47.606209
-73.972782	40.747258
-94.578567	39.099727
4.899902	52.373084
-0.10304	51.536219
77.365807	28.64415
139.677686	35.662599
-123.101024	49.249948
-122.03635	37.36883
17.991283	59.338919
-117.669899	35.619676
-97.742336	30.264255
-83.055203	42.691657
-118.361506	34.078985
-149.881332	61.474319
-98.5	39.76
18.072868	59.335983
-122.334563	47.611205
136.805812	35.236379
-95.363271	29.763284
0.0	0.0
6.157446	51.369211
-69.078372	12.198607
12.091656	47.739958
0.0	0.0
4.383333	50.85
18.074229	59.316832
-87.595955	41.782211
-66.11232	18.465332
-71.445001	41.964011
-96.24899	30.556367
0.0	0.0
16.515471	59.370946
153.1	-27.433333
-2.233224	53.467926
13.156146	55.394268
120.982222	14.604167
-118.127015	34.095287
-122.413098	37.765618
-95.048891	40.237913
2.185499	41.403257
-111.968643	33.338043
-111.929658	40.56217
12.750924	56.022937
-104.993318	39.753248
-119.047096	35.355576
139.68841	35.63574
-3.466667	55.933333
-118.178348	33.770155
-113.532346	53.545558
-80.143379	26.122308
-123.945115	45.606362
139.633423	35.739431
-73.969155	40.689453
-122.027535	37.04563
-2.555	51.424444
150.935889	-33.89507
139.773423	35.685619
-118.148712	34.147662
-94.575789	39.246391
-118.259147	34.119034
-75.163284	39.941485
-4.248528	55.859251
131.664159	32.581633
-122.870864	42.353624
-85.056729	41.102414
101.7	3.166667
135.230781	34.953942
-76.612189	39.290385
103.819836	1.352083
-87.650052	41.850033
16.851185	41.117734
12.483333	41.9
-90.501385	38.592256
-111.891047	40.760779
8.241893	50.08637
8.185887	60.539539
-114.086211	51.037833
-77.132928	38.869284
-73.96193	40.715904
-75.1181	39.7089
-95.562998	29.887725
-87.895027	37.932266
-85.827567	30.18881
-95.362819	29.76054
-81.514802	26.219337
9.717529	46.164856
-80.146054	26.071654
-77.029974	38.959579
0.0	0.0
-78.063033	35.210499
-86.630888	34.651426
-86.24718	41.821035
-96.671508	32.957529
-94.639869	38.953042
-111.651273	35.198067
-71.390285	41.947726
-122.146613	47.77928
-122.399143	37.79108
-80.244216	36.09986
-49.066111	-26.919444
-70.94811	42.759814
16.633333	57.75
-117.876383	33.788207
106.678555	10.772462
-122.121512	47.673988
138.187013	36.663119
139.676183	35.677061
-0.123563	51.429949
103.84408	1.299652
2.2	48.883333
-81.571977	28.462663
-94.627457	39.114171
-49.066111	-26.919444
-96.797673	32.808044
-122.415896	37.804249
-76.292241	36.869161
-84.850456	35.205571
-61.516667	10.65
-78.790208	35.876409
-122.893576	42.355555
0.0	0.0
-122.469612	37.807537
-87.626726	41.896728
-158.150009	59.697569
120.982222	14.604167
-109.528748	40.455516
-79.399795	43.695646
139.729512	35.665819
113.543873	22.198745
-0.125533	51.508415
-83.773754	42.280877
138.0	36.0
-84.651702	38.991535
-88.193249	42.37462
-89.46505	43.544975
-83.701406	41.660465
4.461951	50.892691
11.55918	48.13953
0.0	0.0
0.0	0.0
-122.026779	47.163157
0.0	0.0
12.56738	41.87194
121.0375	14.643889
-73.957834	40.717701
-95.301062	32.35126
-121.314876	44.056606
-76.64157	37.235839
4.815192	52.440108
-86.510789	39.166957
115.86426	-31.947324
-79.2667	43.8667
-1.416667	53.7
-122.556475	45.571827
-80.185613	40.398125
-73.978667	40.774005
-74.097801	40.872092
9.190838	45.972983
-81.380599	40.938923
-77.339158	37.179751
-74.230537	40.893848
-4.0	54.0
136.627817	36.592935
-75.144469	39.978665
-122.332071	47.606209
-75.182119	41.475922
2.362606	48.864984
-112.080758	33.45112
-122.330144	47.662697
-92.361138	34.673377
-87.746803	41.708771
-79.951673	40.434762
-106.831716	40.484977
-74.145421	40.768434
-1.39906	50.898605
-118.252696	34.161441
-122.444183	47.257126
139.7347	35.662435
34.764722	32.067778
106.806039	-6.268991
-86.536081	39.171698
-118.243685	34.052234
-82.590376	27.42532
139.699765	35.662
-85.736111	38.174444
-72.988574	41.332224
-118.095939	34.125705
-96.836472	32.812874
-86.941879	34.44259
-94.674629	39.291805
-121.955236	37.354108
4.845868	52.303518
-82.324826	29.651634
-90.183268	38.630218
-97.743061	30.267153
-78.562986	35.533531
-85.710724	38.232779
139.659227	35.282422
-104.997496	39.74921
-77.046921	38.804836
-76.74088	34.697629
-84.561939	33.815738
-73.961098	41.527929
-77.005661	38.895958
-79.416304	43.700114
5.122222	52.090833
-87.702004	42.04261
-79.945357	40.454445
-87.914636	43.142066
-90.193781	38.631254
-105.975883	39.605229
-122.419415	37.774929
10.733499	59.948569
0.0	0.0
-8.654929	41.149953
153.05	-26.683333
-118.967446	35.350706
-104.913089	39.650222
-79.543482	40.300176
-87.885216	42.990446
139.720244	35.77889
-90.052662	29.963832
-84.387292	33.754182
-117.016667	32.533333
-118.267713	34.077606
-1.133333	52.633333
139.65	35.683333
-81.389714	31.158722
-114.010508	51.130568
-73.90066	40.935615
-104.984703	39.739154
-73.765076	42.663162
-117.1187	32.762589
138.046818	36.061375
-73.965991	40.697683
-79.416304	43.700114
-105.037205	39.836653
-83.059817	42.378689
139.702222	35.687453
-111.924174	33.826775
-0.216667	5.55
0.616667	41.616667
-119.791304	36.791306
-111.934698	33.306142
-82.458428	27.947522
-105.267851	40.016333
-118.153511	34.006672
-121.974312	37.403504
-104.984703	39.739154
-112.067199	33.521304
-90.066196	29.949589
5.3351	50.99593
-80.841971	35.200006
-96.332457	32.975173
-90.668702	35.823614
139.646485	35.844864
24.934167	60.175556
-118.492268	34.019122
139.723114	35.62442
-76.334784	37.051723
-104.998425	39.753628
-93.263836	44.979965
-75.161929	39.949768
4.391217	52.061789
0.0	0.0
-118.050511	34.144484
-116.527101	33.836628
-76.645956	39.356224
-77.425412	39.36011
138.8899	37.326411
-97.762132	30.255269
-122.419415	37.774929
-117.885552	33.887728
-2.644208	53.543259
-76.80942	39.37705
-110.936066	32.132095
139.604077	35.656374
-83.133821	42.680588
-72.676483	41.770248
-91.18073	30.443426
4.493056	52.0575
139.642222	35.870556
-118.189235	33.766962
101.7	3.166667
-90.362674	38.80499
-97.69282	26.190343
-122.112342	47.484823
0.0	0.0
-73.212072	44.475882
-9.133333	38.716667
24.75	42.15
-94.472034	37.123672
-74.007413	40.707253
-98.414096	29.521255
2.3488	48.85341
139.096205	37.945586
-89.630309	44.959535
-76.289663	36.849421
139.678046	35.646257
19.333333	47.45
-104.952413	39.718221
-122.80371	45.487062
-118.29591	33.738585
-94.578999	39.020119
-84.400013	33.781826
14.099731	46.425507
-80.177176	26.002014
-122.334131	47.626323
15.6	56.25
-82.669415	40.36516
-1.883333	50.716667
0.0	0.0
-111.889123	40.728172
174.77367	-41.296877
6.686373	52.377747
-87.697721	37.952689
-0.125533	51.508415
-77.486813	39.040344
-73.989483	41.14554
-105.270546	40.014986
-80.07282	26.461462
4.897556	52.366256
-84.361593	34.023155
10.738921	59.913246
-1.600916	52.81027
-117.914504	33.835293
6.166667	49.366667
12.72882	56.02277
-104.985693	39.760677
-122.661486	45.638728
-81.540013	41.225579
-77.498995	38.246654
-82.181897	36.594968
-71.061874	42.119278
-96.638883	32.912624
-121.990618	47.866316
15.0	49.75
-73.996618	40.737305
0.0	0.0
0.0	0.0
-118.336713	34.101538
7.68671	45.070603
-84.406761	39.465945
-96.784573	46.878
145.699036	15.140398
0.0	0.0
8.280995	49.995139
-151.476551	59.645595
136.905698	35.170091
-76.713581	39.212607
-87.74147	41.78744
103.8	1.366667
-81.774357	41.488281
-78.878534	42.904368
153.03367	-27.457442
-91.252704	43.812726
-99.279534	35.421994
-111.858199	33.575043
174.761232	-36.85876
28.416667	64.133333
-73.972476	40.754109
-86.106653	39.613658
8.649129	49.588447
-4.0	54.0
-8.54569	42.880524
-74.136536	40.773346
-6.248889	53.333056
-97.108066	32.735687
-120.435506	34.923393
-98.165105	26.300733
-102.396861	35.885593
-90.298436	38.655333
-144.075806	65.83049
-71.414845	41.823256
153.028092	-27.467936
-116.231801	33.714877
0.0	0.0
0.0	0.0
6.166667	49.366667
-122.629553	47.592425
-117.201808	34.062539
7.098445	50.736685
-121.802173	36.684403
-120.488253	37.89076
-97.91628	30.372414
7.866667	49.833333
-76.802714	34.735161
-94.58243	39.10298
-88.152394	42.064438
-4.020138	40.626487
100.368683	5.346092
37.665506	55.672134
-122.421372	37.756417
129.939401	32.867317
0.0	0.0
-80.193659	25.774266
-92.278354	34.751075
-118.542586	34.391664
0.0	0.0
7.0	43.6
-111.49896	40.648452
-96.8354	32.953735
-87.650052	41.850033
139.751389	35.685
-95.363271	29.763284
0.0	0.0
139.579007	35.357568
-80.585712	35.462407
5.127172	52.114123
-104.804418	39.740265
14.766667	47.966667
-2.800799	54.050989
-74.139131	41.071264
-95.23525	38.971669
139.751389	35.685
130.709381	32.799097
-114.127005	51.073053
-118.245006	34.042564
-4.0	54.0
-122.116522	47.435088
8.45	48.066667
-70.87367	43.197862
138.0	36.0
-121.358833	37.97968
139.583333	35.683333
-121.997813	37.960088
-83.47153	42.342122
12.573161	55.678744
135.499358	34.683293
-87.664368	41.949964
-97.055926	32.81966
-78.870036	42.965891
-79.86733	40.436124
4.97656	52.308618
-73.987143	40.744522
-76.526111	44.239709
-76.650854	39.37732
-72.930147	41.30786
-73.971248	40.675431
-117.886206	33.919026
-77.055979	38.871008
-90.107953	32.414022
10.776248	59.964152
-2.066667	53.483333
-87.070084	20.635515
-111.979281	33.594548
114.150074	22.284014
74.337143	31.507965
-71.129783	42.500339
-118.575592	34.381747
-0.137699	51.519868
-86.374631	39.61279
153.061214	-27.533125
-122.419415	37.774929
139.755089	35.695586
-84.379982	33.833317
-111.951956	33.39285
-86.166075	39.649465
130.706351	32.80569
135.5	34.666667
-84.387982	33.748995
-122.403033	37.598482
-118.415957	33.92392
-8.433333	41.55
121.511456	25.044453
-90.534479	38.564695
-83.373141	33.948258
131.606567	33.233503
-157.656068	21.306697
-118.400356	34.07362
-76.331092	36.721592
-122.332071	47.606209
-77.664712	38.362351
-77.046081	38.914702
-112.047642	33.058106
0.0	0.0
-104.716748	38.88063
-72.907057	41.369069
130.529936	33.440798
-105.273507	40.019407
-76.452813	39.048445
-80.105842	40.7095
-2.013181	52.395107
-78.543056	35.942401
18.133056	59.166667
-81.207597	34.066816
-84.223093	31.610224
-96.932682	35.384077
5.783333	53.2
-78.112221	38.826503
-3.710933	40.506892
-77.430241	34.754052
-97.762132	30.255269
-154.493062	63.588753
-105.144276	39.920606
-117.897544	33.882139
-97.741962	30.263671
-81.199762	28.589888
-73.961804	40.998153
136.780226	35.248127
-93.157762	44.955588
149.088854	-35.3477
-104.969426	39.553877
139.673841	35.737647
-77.04895	38.916002
-97.718765	30.260798
35.509722	33.871944
-91.793493	33.637055
-122.656609	47.57473
-120.998335	37.645058
-97.696103	26.190631
-94.658472	39.232999
-118.243685	34.052234
0.0	0.0
3.122692	50.946531
-93.263836	44.979965
114.1735	22.27743
-121.740517	38.544907
139.776913	35.713667
5.372343	51.040134
-115.174436	36.094173
-81.542813	41.397217
-87.650052	41.850033
4.931652	52.034319
-76.411054	36.830097
-84.343688	30.509034
139.688377	35.688439
-97.389477	32.619325
12.570934	55.677681
-122.676207	45.523452
-87.807036	41.982696
-111.939083	33.423097
144.977389	-37.800941
-82.79118	27.95059
5.475	52.508333
-122.028834	37.377147
-8.54569	42.880524
-84.351945	33.916201
136.916667	35.166667
-104.849251	38.836426
-97.571098	35.563405
-63.517835	44.888319
-0.923686	54.269218
0.0	0.0
153.018672	-27.472476
6.089602	52.593205
-76.218656	36.915203
151.233333	-33.827778
0.0	0.0
-46.636111	-23.5475
-104.984703	39.739154
-122.081336	37.39036
-111.84125	33.30616
139.785771	35.774667
-90.052974	38.91739
-86.145154	39.661206
-94.707609	38.990772
139.763184	35.692996
-118.491191	34.019454
30.0	27.0
-90.132309	32.428476
0.0	0.0
-106.558705	31.863209
153.409046	-27.961892
-61.528549	16.219653
-70.593452	-33.46798
-84.217951	42.836842
-98.5	39.76
-0.3	51.3
151.652376	-32.940687
-83.02702	40.11022
-4.252166	55.859466
-77.297487	38.635579
-104.940309	39.699898
-71.097068	42.37291
-0.492218	51.463383
139.755188	35.670609
139.764793	35.628443
-115.174454	36.09965
-97.759159	30.293877
-96.820442	33.149462
140.170762	39.662945
-117.157255	32.715329
-0.266667	52.083333
139.274884	35.642748
136.934065	35.175145
-118.491191	34.019454
12.546551	55.699682
-82.454089	28.014859
139.061883	37.912027
18.062097	59.318118
-94.64831	38.91451
-88.031645	41.904645
-114.010508	51.130568
31.25	30.05
139.753066	35.648965
145.2	-37.916667
-79.930922	32.776566
0.0	0.0
9.951829	53.592833
-104.943953	39.72982
-88.281189	42.037249
-86.397774	39.843377
-122.412447	37.775585
-104.984703	39.739154
12.7	56.05
-86.817013	33.470496
-74.005973	40.714269
-92.536586	45.123021
-86.397774	39.843377
-75.177885	38.763816
-95.118264	29.537731
144.960051	-37.80402
-105.01665	39.613321
-119.69819	34.420831
-81.390772	28.571088
-87.59711	41.79796
-117.414492	47.66081
-81.66355	36.219264
-121.94098	37.48416
7.066667	50.783333
136.8	35.3
-112.436617	33.636441
-122.028834	37.377147
7.68671	45.070603
-98.493628	29.424122
-74.226076	41.249269
9.4	60.933333
0.0	0.0
0.0	0.0
-94.729097	31.338241
0.0	0.0
106.860833	-6.156111
-117.977426	34.019555
0.0	0.0
-90.534479	38.564695
-73.756598	40.74345
-4.558475	55.808395
0.0	0.0
-122.316773	47.601658
139.761543	35.674823
-94.581456	39.012925
0.126601	50.773308
-78.781117	35.79154
-104.940703	39.757558
-121.894955	37.339386
-79.756191	43.611598
139.740673	35.673136
-74.000017	40.761481
-0.281339	52.605775
-104.901679	39.679179
121.42446	25.028197
-122.266554	37.521712
-82.344572	27.991524
-118.256973	34.037701
-81.591425	26.307227
-122.279569	47.634821
121.00589	14.60962
-75.151482	40.703504
-85.744544	38.185852
-8.433333	41.55
-75.253929	40.009119
-87.655363	41.948304
-87.495936	37.984054
-82.926704	40.045906
-94.59726	39.168257
-16.759217	32.7241
-73.828189	40.888433
121.612805	25.057786
-86.796728	33.490434
4.470429	50.840055
139.677794	35.674742
-85.628289	42.857131
-84.370195	38.508418
-46.636111	-23.5475
0.753055	52.042705
11.433333	48.766667
134.898854	34.700976
-122.811185	45.424704
-98.5	39.76
-0.1022	51.466434
-95.377013	29.749707
135.269035	34.371309
0.0	0.0
-8.433333	41.55
139.752301	35.715592
-106.70614	35.260041
-104.954452	39.914449
0.0	0.0
-115.206701	36.110412
-84.549933	33.952602
-77.042679	38.925088
-0.125533	51.508415
-117.988841	33.685152
-157.865573	21.306721
-104.876923	39.579155
-80.143379	26.122308
-119.037186	34.164017
145.112512	-37.605761
-122.350846	47.613606
-157.94332	21.38411
-84.350217	39.288392
-81.302232	42.945789
-105.08665	39.920541
6.395833	53.261667
-76.831255	39.1308
-95.363271	29.763284
-94.663024	39.025869
113.252542	23.15932
4.471163	51.03331
-93.336336	44.779131
140.34102	35.776651
-85.430867	31.24053
7.590985	47.787362
-121.844874	37.18899
6.070976	46.228422
-93.238004	45.107743
140.2	36.083333
87.333333	22.433333
-93.808159	41.569721
144.944944	-37.822409
-0.129382	50.834831
0.0	0.0
-86.46087	36.388013
-81.2114	28.5641
-87.629475	41.875022
-159.446048	21.87552
-84.352959	33.773783
10.734804	59.913916
-78.601813	35.816749
-87.650052	41.850033
-121.890282	37.263807
-87.894294	43.046875
-71.808409	42.583852
-104.974176	39.768542
-80.412793	25.626188
27.683333	62.9
-80.143379	26.122308
0.0	0.0
-0.094508	51.51255
-76.098719	36.785287
18.011438	59.29723
-118.26769	34.07723
151.169493	-33.776135
-77.249705	38.658172
-155.076903	19.711633
-82.181897	36.594968
139.911277	35.799076
-76.995009	38.884149
-72.98978	40.93937
114.180649	22.300308
7.590985	47.787362
-89.749527	36.233679
-73.756232	42.652579
135.499473	34.702682
-78.709745	35.794251
-71.464991	41.977906
-77.01514	38.883238
12.591485	55.681879
-94.663417	38.95707
-118.473943	34.41562
-77.950519	34.238698
140.3694	37.399933
-117.171112	32.783779
106.829444	-6.174444
-54.630967	-16.468382
114.180649	22.300308
-8.4151	43.364189
-74.598772	41.428982
0.0	0.0
-0.125533	51.508415
-122.419415	37.774929
-96.829168	32.96179
-87.753045	30.618248
0.0	0.0
-117.672818	33.606281
-122.134132	38.019366
-104.879105	39.554549
-82.468808	27.941877
30.0	27.0
0.0	0.0
-85.725396	38.241648
-95.260432	38.924526
5.113007	52.061279
-117.902419	33.859606
-77.043721	38.907886
139.878145	35.636798
18.383333	59.316667
7.016667	43.55
-85.388456	38.403597
-77.182282	43.220471
-96.848836	33.020526
-93.263836	44.979965
-111.989916	33.306787
-8.643856	41.008583
-115.386182	35.60969
0.0	0.0
139.699666	35.660393
-86.769928	36.152049
-73.990349	40.759845
-4.066667	52.416667
-97.133068	33.214841
-71.546675	-33.021129
139.729915	35.663466
151.040443	-33.749703
139.746468	35.702421
-122.677953	45.548216
-75.243785	40.247329
-16.254616	28.468239
7.774801	49.359346
-105.009615	39.759189
-89.40123	43.073052
-77.090257	38.879887
114.186951	22.441589
-89.742995	36.236798
-97.14667	31.549333
18.062639	59.329468
-118.404626	33.956003
-71.429667	41.733593
0.0	0.0
-80.01214	40.467755
-120.659616	35.282752
-121.874679	37.662431
77.603291	12.976227
-97.14479	32.985003
121.0	24.0
-80.083098	26.358688
121.074722	14.526667
-117.426047	47.65878
-0.228052	51.493836
-73.992625	40.75616
73.083333	31.416667
15.506529	50.608896
-118.127015	34.095287
-1.883333	50.716667
0.0	0.0
130.534465	33.313896
-122.313108	47.657243
-122.332071	47.606209
-86.682992	33.399602
-79.945879	40.442825
-105.270546	40.014986
139.751389	35.685
-111.880771	40.88939
-77.430241	34.754052
-117.727143	33.570083
-3.466667	55.933333
-105.191884	39.67893
-157.845673	21.301956
-76.6058	39.900933
-112.242835	33.469169
-95.525609	29.693487
-117.285599	34.241951
19.75	50.016667
-81.379762	28.540626
11.575445	48.138985
-118.258888	34.099202
-84.441066	33.608251
0.0	0.0
-99.40075	35.385159
8.67907	49.406758
-81.647892	38.362348
-97.668146	30.202633
-122.298699	47.663338
-77.178592	38.993738
-73.039215	41.305191
106.829444	-6.174444
-117.299476	33.058503
10.725017	59.886249
13.083333	55.866667
-96.999728	33.035692
-117.018574	32.776693
-76.839418	39.240384
15.0	49.75
-106.09752	39.574431
-105.301411	40.048119
24.939113	60.170724
-74.005973	40.714269
0.566667	50.85
-77.046719	38.911341
-108.486883	45.829234
-122.647077	45.854083
-124.013371	44.9891
139.529566	35.610749
-104.985723	39.735843
-75.522166	40.053019
-122.698307	45.527441
-74.012267	40.711688
-73.844833	40.579242
18.062639	59.329468
-122.39063	37.779836
-4.483333	54.15
-98.624922	29.404848
-81.314517	29.894691
-71.464991	41.977906
153.061214	-27.533125
-79.441915	43.678044
-105.205991	40.01541
139.749174	35.610893
-118.367476	34.072062
-95.359939	29.762137
-81.266459	28.647315
-122.327766	47.613927
-122.260408	37.867417
-2.583333	51.45
-80.780902	35.085423
-122.465902	37.676985
-98.682602	29.485611
139.622715	35.466188
-73.826859	40.76033
-76.980746	38.885336
-1.505112	53.412765
-87.68316	30.380441
8.527234	47.337695
106.829444	-6.174444
1.747727	52.481378
153.277302	-28.813544
-122.426325	37.763045
149.12447	-35.308121
-105.007614	39.748625
-79.733452	43.645481
-16.254616	28.468239
114.173468	22.27667
-80.857728	35.479983
0.0	0.0
2.312565	48.831063
139.713426	35.642174
0.0	0.0
-74.433089	40.885309
-95.682896	39.034174
-105.101928	40.167207
17.991283	59.338919
-122.143019	37.441883
-84.295639	33.856429
-1.857819	50.731644
-85.40052	44.226617
-122.211738	37.711582
-73.579061	45.492442
-117.157255	32.715329
-105.045905	39.585459
139.735368	35.707775
1.970329	41.277935
139.757869	35.740145
-79.069014	35.910713
-79.733267	43.660068
-79.398403	43.707115
8.093629	49.924689
-74.15477	40.929293
-86.071609	39.909182
0.0	0.0
-95.301062	32.35126
-78.500728	38.051325
-77.057397	35.104253
-122.392187	37.792438
-97.384342	32.738674
-105.007614	39.748625
-77.733841	38.323715
-87.899349	42.009074
139.633423	35.739431
-81.327845	28.677775
-77.060015	38.904348
-122.098568	37.992937
121.475	31.222222
-86.061771	39.91381
-77.083252	38.858966
-77.003904	38.885847
10.465109	63.410317
-71.080432	42.346469
-104.980177	39.7435
-82.344572	27.991524
-70.374469	41.705664
-78.499578	38.032664
8.758334	50.815814
-73.502068	40.82621
0.0	0.0
-104.980177	39.7435
-96.789803	46.877186
-110.926479	32.221743
-112.263349	33.551614
-83.221873	42.473369
-117.88958	33.877784
12.537994	55.708206
-93.778269	38.368632
-16.25662	28.454369
-74.113775	40.720437
-80.406287	25.708629
-16.333638	28.40391
-94.576335	39.081002
-77.374653	38.47091
0.0	0.0
-121.890282	37.263807
-79.399795	43.695646
151.212258	-33.884397
-16.316667	28.483333
-71.412834	41.823989
-77.728619	38.73359
-76.513145	39.294213
-80.769072	35.189124
139.738394	35.683676
-75.924151	41.106231
-86.769395	33.473929
-97.048286	32.896208
-86.570508	30.762133
44.011902	36.183487
-1.898345	52.477866
-93.677536	41.577467
-82.317462	34.839851
-80.193659	25.774266
-122.989827	45.522894
-0.16487	50.825653
11.624142	48.219756
-87.91452	41.627446
-88.460784	44.266181
-82.001155	28.136834
139.715828	35.633998
-117.300878	34.426389
-76.921502	39.013422
-74.151676	41.841024
-84.477715	37.988689
-77.084145	38.89039
-77.425556	39.394127
-0.133956	51.510718
-86.791641	33.509596
-96.731268	43.545977
-84.024826	34.092155
-81.681753	36.213222
153.409046	-27.961892
-111.667276	40.2636
6.817401	44.966161
-73.974448	40.841605
139.971989	35.705069
10.738921	59.913246
-78.941767	35.995317
-77.094726	38.886594
15.924366	45.785979
-76.305514	40.037875
-117.350594	33.158093
149.083333	-35.216667
-94.585175	39.090065
-87.644956	41.889555
-73.954924	40.658255
-117.312931	33.123922
151.17456	-33.897552
-81.230343	28.648053
-0.048786	51.512227
140.031826	35.646065
-122.078727	37.392392
-123.101675	47.212113
-97.91628	30.372414
-122.893576	42.355555
6.12189	50.280824
0.0	0.0
-73.98398	40.76012
-77.083252	38.858966
-58.469721	-34.629285
-157.835453	21.287881
-84.110811	31.498245
16.372075	48.208488
136.843612	35.216568
130.516526	33.322567
-79.2667	43.8667
-81.028569	34.002395
-88.067593	44.48251
-118.326645	34.098001
141.759884	43.204074
88.35	22.65
-81.358997	41.14111
-105.269816	40.007254
-87.620778	41.878421
139.7047	35.691612
18.003368	59.236969
-77.091444	38.889507
-122.395632	37.779183
-122.128597	47.643549
0.0	0.0
-118.432598	34.00015
121.774017	12.879721
-111.858199	33.575043
-74.270751	40.652098
-81.230343	28.648053
-77.032504	38.917564
-102.394032	30.142408
7.001085	52.213671
0.0	0.0
-116.546981	33.830587
-73.979392	40.758077
-118.27055	33.819067
-77.315812	37.523479
-0.125533	51.508415
-91.586752	42.016327
139.583333	35.633333
-121.894955	37.339386
0.0	0.0
-84.198292	33.91983
-122.016779	37.3886
-122.161178	37.446274
-83.740883	42.277563
-8.299167	51.857222
8.271111	50.0
8.549562	47.370315
4.470429	50.840055
-90.064974	29.958173
-77.46054	38.303184
-80.93663	34.035904
120.982222	14.604167
-73.399845	40.681489
127.024071	37.503728
140.153329	35.805623
-84.004351	34.120656
26.233333	60.45
-82.669415	40.36516
-157.858333	21.306944
-118.30894	34.181021
-97.326791	32.747832
151.169021	-33.870514
-116.228834	43.623592
114.192322	22.278772
5.323527	60.391705
174.766667	-36.866667
14.698841	40.783712
-117.914504	33.835293
3.901175	43.604727
-75.278232	40.21094
-1.916667	52.466667
-8.299167	51.857222
0.0	0.0
-105.037205	39.836653
0.0	0.0
75.767638	26.849799
139.516667	42.166667
-75.74574	36.153775
151.039696	-33.864358
-94.599961	39.071556
0.066667	51.183333
139.501801	35.730698
-94.627457	39.114171
-75.967996	42.071729
-69.078372	12.198607
-106.090786	28.658555
-0.086384	50.866446
139.689939	35.681675
-118.267713	34.077606
-95.971758	36.140365
-104.984703	39.739154
2.341467	48.88394
139.776913	35.713667
-91.347168	34.061523
-94.581788	39.088807
-117.031417	32.742552
115.853276	-31.922289
-76.262166	36.905321
-95.989909	36.153262
-87.996337	43.021206
0.0	0.0
-87.705089	41.927906
-112.072193	33.444741
-0.097731	51.553745
114.19519	22.340103
-82.967445	40.077625
-157.803111	21.270779
-99.40075	35.385159
0.0	0.0
139.693903	35.691901
-118.594845	34.17332
77.365807	28.64415
-77.397297	39.25107
-8.433333	41.55
-86.810508	36.104279
-118.127015	34.095287
139.65	35.733333
-82.640888	27.77179
-122.463191	47.232195
-71.156443	42.415374
139.620211	35.464657
-2.447967	53.190698
-4.361335	55.860604
8.954799	47.752289
4.890577	52.353422
174.773975	-41.290079
-118.370997	33.926856
-4.267134	55.840715
-97.706696	26.184387
-94.136425	30.082362
130.480463	33.582296
-95.36361	29.755035
-61.998582	45.616847
-123.118638	49.286058
-105.276233	40.0078
145.152386	-37.819864
-77.081535	38.807218
139.748437	35.732122
-87.124172	37.721733
-74.239035	40.798711
-74.005973	40.714269
139.572525	35.626587
-86.121894	39.637818
0.0	0.0
-118.144515	34.147785
152.968742	-27.617123
-77.023009	38.895739
-78.873993	42.885296
-3.055105	53.208833
0.0	0.0
-90.067259	29.951799
19.5	48.666667
-86.014431	42.812337
-105.176116	40.08861
-112.051691	33.545181
8.35	51.616667
-75.596578	39.775725
-98.25852	29.598109
-86.816154	36.103326
-122.371665	37.60271
-98.485347	29.53176
-95.595935	30.004445
-65.748217	18.166349
-86.156255	39.767016
-74.3827	40.5248
-118.436608	33.983574
139.59621	35.40738
-93.256909	44.987815
20.0	52.0
-113.624237	53.522293
-87.633073	41.884806
-91.500825	45.111789
-84.369785	33.75078
-111.925455	33.625256
-75.189344	40.081222
13.086128	55.870589
-112.021401	33.516952
-97.718929	26.176917
-1.801117	51.069969
-0.028034	51.054609
-87.64971	41.881767
-122.461645	37.773945
9.85	56.883333
121.029444	14.556944
138.394034	34.984894
-122.644782	47.635546
-83.082326	41.36058
-94.682181	39.195003
-122.083851	37.386052
-86.171429	39.759869
7.774801	49.359346
-73.993805	40.712936
105.0	35.0
135.726054	35.014449
-1.9	52.683333
-117.806267	33.699538
-71.412834	41.823989
0.0	0.0
-2.800312	54.047497
-75.163789	39.952335
-117.161056	32.711432
-105.986893	39.598911
17.955378	59.358453
0.0	0.0
-16.298628	28.441445
-93.33193	44.985406
-118.194791	33.771115
-76.900345	39.090373
135.656138	34.986783
-94.752524	38.912728
-73.560011	45.597427
-3.68783	40.406263
-115.17249	36.068887
-84.850205	35.205393
-75.7669	40.288824
-105.817232	39.944987
-104.98746	39.73506
-86.772003	33.470217
-85.708714	38.227361
-73.634543	40.742875
139.729126	35.662075
126.531188	33.499621
21.29606	48.682051
-81.871473	26.538533
-122.217066	47.482878
-105.277477	40.018776
139.139415	35.34664
-46.667289	-23.603113
-100.342496	25.706004
-112.009885	33.435032
-87.647389	41.883149
-106.566087	35.102885
-84.368333	33.73043
-122.353736	47.638266
-0.196814	51.515514
-105.270546	40.014986
-122.450532	37.479663
139.700154	35.667776
29.765577	62.603478
-94.5916	39.04186
-4.0	54.0
-121.308189	38.721806
-89.437867	43.075492
-2.711447	53.764181
-82.82843	41.646526
-111.864733	40.725407
-90.460885	36.757896
-104.989022	39.742237
139.792964	35.711835
-118.71112	34.1009
139.747591	35.771381
-118.408294	33.944066
-58.371681	-34.617554
-71.056496	42.35349
-115.155889	36.069741
-74.922667	40.174554
-72.98978	40.93937
-75.327954	40.322048
-117.899742	33.666695
-81.545867	41.586524
-117.866477	33.78186
139.306639	37.958307
-73.98285	40.757229
2.238936	48.883415
-122.268841	37.474904
-112.083879	33.497436
24.545431	60.152957
135.5	34.666667
-85.7602	38.256998
139.609003	35.644961
137.020598	36.748967
-0.016667	5.616667
-84.395717	33.776936
-112.074037	33.448377
-97.015008	32.954569
-84.314525	33.923304
80.585999	16.53561
-71.510104	42.539118
-111.919747	33.636542
-122.807445	45.559398
-121.923083	37.382106
-122.394339	37.788148
-88.041323	42.049792
7.774801	49.359346
-120.016459	47.84097
-1.638403	51.514693
139.700221	35.713071
-97.743061	30.267153
-71.39159	41.856086
-80.800441	35.220331
-87.665758	41.972779
-86.24762	39.20721
-74.005973	40.714269
10.8	63.416667
-79.914089	32.666818
116.119233	5.968149
-73.991788	40.740172
139.579867	35.7032
-87.67923	42.033869
-71.425451	41.829013
0.0	0.0
-82.75398	27.812746
-104.98776	39.647765
139.468611	35.758056
-119.780596	39.527072
0.0	0.0
-158.150009	59.697569
-117.745331	33.608357
-75.018833	39.940517
-76.992648	38.897966
-83.333126	42.382999
-122.268846	37.873404
-73.99221	40.734132
18.055301	59.321148
-117.129951	32.780423
-93.23644	44.97571
-122.258284	37.854411
0.0	0.0
-84.39372	33.736896
-157.786407	21.274617
121.559834	25.091075
13.697753	51.041241
-71.087707	42.376687
-85.636389	38.14289
-3.527507	50.723598
28.15	-26.166667
-94.804153	38.855049
0.0	0.0
-111.92653	33.447622
-112.073409	33.440421
-157.852384	21.292649
-122.419415	37.774929
0.636477	51.796696
-115.328421	51.091856
-97.715344	26.189492
-75.187004	39.950951
-1.873949	50.747279
0.0	0.0
0.0	0.0
-84.350217	39.288392
-111.84125	33.30616
-75.429534	40.625342
-77.040033	38.805367
-84.097451	35.917772
-97.078065	32.934292
-71.756906	42.316369
10.741436	59.913155
130.555077	31.591332
-83.740883	42.277563
139.47	35.341944
-122.324403	47.752579
-83.308776	42.667663
-122.267929	37.857473
-46.636111	-23.5475
4.711604	50.881774
-75.605488	39.960664
139.762741	35.729492
-122.084799	37.392913
28.229444	-25.706944
-81.454518	28.396917
2.3488	48.85341
-1.732099	52.453743
-87.59711	41.79796
-155.076903	19.711633
-86.700134	33.420364
-79.390008	43.643677
-117.159172	32.708891
-79.142246	37.413754
-112.073834	33.435143
-94.576042	39.024113
0.0	0.0
-94.672735	32.374466
-122.3279	47.615237
-79.930922	32.776566
-80.143379	26.122308
-122.419415	37.774929
0.0	0.0
-118.292293	33.735852
-122.824454	38.402472
15.0	49.75
-70.601207	-33.473074
130.439787	33.210449
-104.979751	39.764486
-79.966558	40.4256
139.616667	35.633333
-104.828271	39.693023
-4.066667	55.8
-74.855164	40.179554
-122.343679	37.580304
12.843219	59.16735
-80.12229	26.100855
-122.073635	37.423258
-76.559085	44.394143
-81.801529	26.655061
13.465099	52.525181
-124.799336	49.22559
-75.875888	41.245499
-80.228116	40.635067
100.485511	13.704747
-80.579511	35.408752
-2.22559	53.567434
-2.1	57.133333
-99.138611	19.434167
-82.606544	34.532883
0.0	0.0
-79.416304	43.700114
-122.426217	37.776474
28.810833	41.023611
139.657087	35.858482
-8.4151	43.364189
-2.359809	51.380439
-75.508267	40.60963
113.25	23.116667
-84.567214	33.542704
-82.519768	36.477752
-104.823598	38.831883
-79.97047	40.516709
10.738921	59.913246
-0.09566	51.371666
122.0	13.0
-70.514378	41.390174
-89.334007	43.062219
0.0	0.0
-71.059773	42.358431
7.750337	48.579848
-105.110892	39.909088
-122.165748	47.539702
-81.408911	28.663476
-122.258284	37.854411
-88.20294	41.638098
-97.990837	26.159519
-0.412947	51.877028
-87.875043	41.141699
-74.003027	40.734264
-0.167977	51.427435
3.132487	50.798202
-95.402159	30.019942
130.884121	33.882849
0.0	0.0
-83.740883	42.277563
126.531188	33.499621
-123.368793	48.452437
-95.315566	38.977318
0.0	0.0
18.226334	59.247971
0.0	0.0
-71.357837	42.301485
139.683532	35.611147
-106.609025	35.080687
-0.125533	51.508415
0.0	0.0
0.0	0.0
-117.227317	34.150383
-97.345155	38.051391
-121.975067	37.395782
-86.228386	43.063073
-76.517415	38.950806
0.0	0.0
-77.096707	38.996945
-84.359463	39.448179
-104.96966	39.780349
-104.997766	39.567494
0.0	0.0
-73.573681	45.5143
-115.170105	36.124817
-118.437884	34.049958
-118.083005	34.123252
-157.870337	21.316287
-121.163836	38.763235
-122.334769	47.549257
-0.566667	51.216667
0.0	0.0
-157.834881	21.288169
139.644555	35.552527
-122.346243	47.629773
-87.685104	41.468131
-79.870448	43.252025
-73.983885	40.726202
139.657087	35.858482
-86.124288	39.906396
-87.930918	42.062428
-93.185699	44.463106
-81.314517	29.894691
-105.010441	39.914102
-71.059773	42.358431
-0.882006	51.464734
-95.367693	29.750209
-2.235076	53.470646
-79.441915	43.678044
-104.973368	39.749487
-104.871991	39.549298
-71.616178	42.269539
-84.020905	34.089111
-69.078372	12.198607
139.43889	35.539568
-117.823111	33.669465
-121.53236	37.77192
-0.192757	51.451808
139.697296	35.531631
-9.145465	38.732579
-97.724572	30.318602
-98.408651	29.501433
-1.99208	50.724899
-80.125321	26.623679
-122.421797	37.778071
-76.430796	40.039264
139.625823	35.610745
-122.39483	37.781801
-70.240881	43.641472
0.0	0.0
8.543251	52.025281
-104.984703	39.739154
-122.082437	37.388162
-80.217275	26.649369
130.844993	32.20612
-80.843795	35.086732
-82.859067	40.242562
-95.375177	29.754546
121.029444	14.556944
4.903233	52.349181
-97.735927	30.268314
12.570934	55.677681
-96.770371	33.056012
139.737051	35.654682
-96.833335	32.851524
-80.256693	40.495999
-49.066111	-26.919444
-72.033408	42.075095
-65.983777	18.38717
-122.345216	47.616186
-95.118264	29.537731
-122.1638	37.443763
-104.823196	38.833172
100.368683	5.346092
140.116667	35.6
139.609293	35.643189
-108.526149	32.26429
135.244575	34.435708
-71.461047	41.57584
-87.650052	41.850033
72.995	31.365
-76.315084	36.945204
-4.0	54.0
0.0	0.0
-118.116682	33.925283
139.45785	35.659649
23.324146	42.697514
103.722778	1.350278
-96.823612	33.150674
-122.256718	47.423266
-122.336342	47.649195
-122.419415	37.774929
-105.205564	39.665467
-77.225544	38.92317
-75.114433	39.707086
-104.984703	39.739154
-77.474191	37.552118
-104.99776	39.753213
-2.345071	51.359521
-81.798191	41.481993
-74.005973	40.714269
-122.449855	37.765187
2.266667	48.983333
-73.990349	40.759845
0.0	0.0
0.0	0.0
-94.752524	38.912728
-111.84125	33.30616
-74.022917	41.046763
-155.11559	19.5765
139.786352	35.679033
114.192322	22.278772
-76.48098	44.229764
-122.687352	49.128102
-75.2627	39.960569
72.461891	23.048161
-118.358434	34.083742
-120.659616	35.282752
-86.526386	39.165325
-91.498494	44.811349
-86.072426	39.911888
-0.469525	52.030882
-105.260358	40.02875
-99.40075	35.385159
0.0	0.0
-1.462104	53.378235
139.70805	35.728567
174.785784	-41.30194
139.76437	35.70455
-73.805689	40.691492
100.333333	5.333333
-113.468712	53.550136
12.371292	51.33962
13.000731	55.605869
139.700062	35.662496
-118.479495	34.002831
-121.809781	37.313323
-95.641592	29.374709
139.615849	35.505982
-0.583333	51.5
5.144365	52.12531
0.0	0.0
-95.301062	32.35126
-86.782056	36.158887
-122.661486	45.638728
-87.697399	41.927697
-2.680593	42.846089
-72.520288	41.776578
138.661142	35.164592
-86.795849	36.132157
-16.254616	28.468239
-89.679508	30.525469
-74.005973	40.714269
80.585999	16.53561
0.0	0.0
-72.910801	41.532891
136.583333	34.883333
-111.898764	33.312303
-81.980438	28.075073
-74.008384	40.709864
0.0	0.0
121.0375	14.643889
-79.377994	43.643333
-4.0	54.0
139.531342	35.352169
-85.518498	42.913083
-112.358	33.463067
-80.241179	40.544561
-104.999835	39.750048
-80.201	40.459567
139.773091	35.698547
-84.387982	33.748995
-73.99181	40.767192
-76.575995	39.292048
-81.302232	42.945789
-87.881055	41.981946
-77.029702	38.896088
-115.137223	36.174971
-82.243484	27.924169
-78.781117	35.79154
0.0	0.0
0.0	0.0
4.470429	50.840055
7.143201	50.722519
87.333333	22.433333
-99.607778	19.253611
5.42244	53.174765
-116.527101	33.836628
-81.912659	26.545615
-86.570508	30.762133
-118.260071	33.8316
13.738317	51.050891
-79.658303	43.578899
-84.226883	43.65404
124.647222	8.482222
-84.380832	33.77056
-71.121359	42.371162
-122.419415	37.774929
0.0	0.0
-93.199706	44.963923
-121.890282	37.263807
-73.981462	40.747858
-0.692319	52.300125
0.0	0.0
140.881149	38.258854
-86.533478	39.165738
-9.133333	38.716667
-72.771078	41.691523
-83.95346	33.97352
138.0	36.0
-122.342032	47.611928
-122.419415	37.774929
135.5	35.166667
-70.611251	-33.421793
-73.649179	45.516779
-73.981018	40.773819
-69.968338	12.52111
-0.452714	51.471166
-105.227481	39.76013
135.75	35.0
-87.702829	41.942479
137.328964	36.613971
-79.416304	43.700114
-122.325447	47.624638
-77.070811	38.792336
-75.13406	40.249274
0.0	0.0
-85.335528	40.829213
-73.946527	40.792596
-112.060212	33.509515
-122.285773	47.559185
-118.267685	34.077229
-73.515871	45.38338
-118.243685	34.052234
-122.396675	37.785551
-104.969426	39.553877
121.098889	14.629167
-123.069147	49.093121
-0.125533	51.508415
0.0	0.0
-85.759407	38.254238
-121.894955	37.339386
-83.075187	40.15784
-118.254558	34.051409
-104.980401	39.700386
-105.318811	39.633237
-118.447291	34.030999
-9.185843	38.75251
8.404687	49.003817
-93.805657	41.602891
139.413957	35.697899
-116.194952	43.615839
-85.290541	35.04992
-86.879438	41.71215
-71.117661	42.375305
-122.037849	37.38876
-84.444038	33.641547
-118.2567	34.1445
20.468056	44.818611
-104.984703	39.739154
-82.800103	27.965853
0.0	0.0
-81.422079	40.869557
-79.995886	40.440625
-80.210945	26.247284
144.979927	-37.875515
-111.85799	40.638836
-122.349882	47.649669
-89.643829	39.743469
-93.738321	38.756594
-71.119372	42.386548
-82.441508	35.271228
139.631112	35.457392
-119.689951	39.646955
139.609516	35.454382
-119.209372	36.307557
0.0	0.0
0.0	0.0
0.0	0.0
-115.134645	36.05782
-83.819246	43.616108
-156.331925	20.798363
130.709381	32.799097
-92.289595	34.746481
-86.526386	39.165325
139.766014	35.698072
-115.264486	36.218423
-80.819098	35.212876
0.0	0.0
-117.712925	33.984327
-122.470653	37.671885
-71.464991	41.977906
-84.516714	39.113564
121.612805	25.057786
139.69853	35.471754
-88.120309	43.120814
9.931984	49.79501
-77.867764	40.812073
18.616667	59.333333
-121.950161	37.32477
-86.059736	39.905789
-94.793035	39.05106
-122.360789	47.670067
0.0	0.0
-121.148758	44.254042
-105.278377	40.017304
-117.426047	47.65878
0.0	0.0
135.848536	34.68742
-81.297258	28.60662
-77.834383	40.785125
-122.353392	47.616276
139.528979	35.614053
140.976673	42.313795
-73.993049	40.722382
0.0	0.0
-155.865796	19.271142
-94.177962	30.349098
-73.870473	40.775501
-157.739444	21.402222
-75.872248	39.553208
-4.083333	36.75
139.69953	35.691324
-0.289421	51.943434
-120.465237	37.294704
-122.008068	47.609507
-121.843473	37.272482
-118.542586	34.391664
-105.230656	20.620414
151.207321	-33.886931
0.0	0.0
-94.688432	38.948137
-83.075187	40.15784
-95.697514	29.969142
-118.399519	33.862237
-122.392901	37.783171
-122.419415	37.774929
-118.325739	34.101218
-4.600804	55.492877
-122.317775	47.777722
-1.083155	50.785956
139.585556	35.291667
-120.642171	35.140031
8.310164	47.050981
-105.002105	39.769067
-85.759407	38.254238
-79.813645	35.707915
-79.791975	36.072635
-105.015783	39.732828
-118.217777	34.065123
-84.381198	33.818592
20.0	52.0
139.666936	35.612318
4.903233	52.349181
-105.276583	40.008031
-73.935045	40.847537
-77.031963	38.917631
-3.116667	55.95
-123.10012	49.27292
-87.626714	41.889526
-74.005973	40.714269
-86.526386	39.165325
-97.147045	49.884399
0.0	0.0
-80.2794	36.133776
-79.06171	35.952592
121.0	24.0
-71.120829	42.372362
-79.843944	36.043709
-92.371753	38.961284
30.0	27.0
-46.636111	-23.5475
17.997708	59.349125
7.099374	50.734836
-122.327777	47.61394
-87.95283	41.84126
153.027502	-27.468083
130.763196	32.859111
139.671542	35.674258
-84.346144	33.727232
172.6295	-43.576616
13.73371	52.500672
139.46185	35.799011
-75.319982	40.325251
-117.096039	32.64589
-94.819129	38.881396
-122.333304	47.603176
-74.365136	40.822136
114.068298	22.545538
135.5	34.666667
139.566345	35.613819
-122.332071	47.606209
-81.393706	40.838662
-84.584755	33.818661
-104.93359	39.704987
139.916667	35.683333
-96.334407	30.627977
-75.287631	40.245952
-104.984703	39.739154
-73.98447	40.761586
-82.093047	33.479526
-119.046672	35.354809
-93.156611	45.006077
12.649352	55.629332
101.6987	3.154678
-95.36334	29.760436
-84.3765	33.7368
-87.886669	41.753343
13.089619	52.396266
0.0	0.0
-94.357312	38.993044
72.842483	19.042094
0.0	0.0
-86.082738	39.636219
2.001735	41.568687
-118.267685	34.077229
-106.731818	32.272375
-104.987843	39.744099
-76.591342	38.978565
4.905871	52.352779
-115.33137	36.297704
0.0	0.0
-78.785615	35.90712
-118.338668	34.101564
-0.086988	50.864207
-157.858333	21.306944
-117.917335	33.81136
0.0	0.0
-118.243685	34.052234
-112.468502	34.540024
-71.312828	41.490102
2.394383	48.848743
-80.607341	28.345414
-81.840591	26.62168
-111.893478	33.336407
-0.083333	51.316667
-98.493628	29.424122
-121.884344	37.332507
15.173582	59.258657
-76.619492	39.326813
2.114365	41.354965
-122.410735	37.799823
12.334823	44.074907
-105.270546	40.014986
-119.69819	34.420831
-73.95236	40.885377
-81.21209	35.448395
-83.074106	40.053747
-75.168622	39.954332
-93.654409	45.237742
-122.17383	37.72318
-77.025375	38.889016
121.078889	14.56
-122.312785	47.616119
-111.866844	40.675205
139.716012	35.756539
-94.578567	39.099727
-95.301062	32.35126
0.0	0.0
-0.023226	51.501494
-75.009507	40.204801
-123.167918	49.134667
130.393077	33.591079
-77.046081	38.914702
-97.240537	32.867218
-80.052938	26.713643
-118.39629	33.953876
-81.537415	28.379025
135.15986	34.942027
-120.668405	35.251912
-78.647273	35.785626
0.0	0.0
0.0	0.0
-112.074037	33.448377
-97.07831	32.861947
-122.064963	37.906313
139.886427	35.625894
-71.182832	42.37093
-101.692254	35.194247
-73.758994	42.654255
135.433152	34.665003
-122.241636	37.765206
-77.021114	38.898039
138.08615	36.050088
-80.01214	40.467755
-88.050446	42.127568
-112.035427	33.616707
-77.386098	38.969555
2.000898	41.569594
-73.992632	40.740672
-97.743061	30.267153
-121.98694	47.73256
0.5094	51.26819
20.130472	46.264468
-78.965246	43.007092
-89.010871	40.493113
-94.596306	39.050891
-94.578567	39.099727
-87.731316	42.026161
139.413957	35.697899
-96.813324	32.852697
140.099312	35.708964
-103.942181	39.461651
-116.780466	47.677683
7.0	43.6
-80.277374	36.133467
0.0	0.0
-104.57734	50.423809
130.716667	32.8
0.0	0.0
-99.32677	38.879178
-85.345852	39.853077
-83.018148	40.087395
-83.107501	42.532456
-73.972638	40.892877
120.948056	14.6675
-77.249705	38.658172
-115.151832	36.131319
0.483333	51.733333
139.699851	35.661969
-2.236318	53.482542
-98.5	39.76
3.020339	41.793966
-122.419415	37.774929
22.241941	60.438542
-118.414064	34.054259
-81.685353	28.852767
-104.993318	39.753248
-117.162414	32.708964
55.28	25.252222
-117.918985	33.810336
0.0	0.0
-121.303993	38.291102
-74.005973	40.714269
-96.814226	32.805428
-77.600709	43.152744
-122.678322	45.521058
-105.00295	39.766842
8.710062	49.716943
-104.67181	39.83877
-105.270546	40.014986
-157.858333	21.306944
-82.9988	39.9614
-73.944758	40.72832
-119.751264	37.250225
-131.54627	55.117233
26.080202	44.439713
-75.06795	39.852336
0.0	0.0
152.966667	-27.4
-95.383474	29.749893
-122.32533	47.624578
-0.190297	51.481124
-122.257191	37.503159
139.05	37.916667
-95.363271	29.763284
-16.259738	28.456423
0.0	0.0
-122.050792	37.402758
-119.089773	35.308319
-73.982045	40.759504
-93.266074	37.208329
0.0	0.0
-3.590292	37.176786
-78.787884	35.87192
-95.364243	29.760993
-122.256637	38.104086
-94.367418	32.544871
18.029449	59.322418
-73.967121	40.716794
0.0	0.0
-2.704402	53.540001
-104.984703	39.739154
-88.051519	43.092087
-121.894955	37.339386
-73.890417	40.747379
-84.456886	39.162004
-94.599961	39.071556
-111.892248	40.875287
-76.884418	40.2737
-121.894955	37.339386
-117.586992	33.604189
-104.881821	39.645958
-123.069341	49.316362
-85.414742	39.851652
-111.658534	40.233844
0.0	0.0
-76.805909	42.090057
152.930099	-27.177631
13.156146	55.394268
132.805181	35.380131
-97.91628	30.372414
-117.146633	32.761374
139.708715	35.732589
6.895833	52.218333
-85.668847	42.952029
-105.10001	39.856118
-76.483979	44.232528
-95.363271	29.763284
-105.075908	40.588929
77.2	28.6
-0.857461	51.289955
0.0	0.0
-104.973698	39.768245
-88.340294	41.875194
-122.392577	37.754514
-118.26156	34.077942
-73.808207	42.740385
-73.71402	41.126485
139.685637	35.607531
-0.06789	51.54615
-122.343121	48.437188
127.040417	37.499861
139.710106	35.64669
-111.81213	35.10576
139.5	35.5
-76.438955	37.116512
-112.065545	33.458673
-83.720171	33.99261
-93.33193	44.985406
-80.864171	35.22778
-82.94819	30.518273
139.555435	35.324615
-75.156291	39.953578
-81.871473	26.538533
-88.083406	42.033361
0.0	0.0
-87.628686	41.903934
-105.277522	40.019014
-88.310657	41.889623
15.506529	50.608896
7.6	47.783333
-104.957633	39.719757
-73.971248	40.675431
-111.756728	33.261029
-76.097396	36.841546
-104.984703	39.739154
-118.399869	33.995436
-117.918669	33.641132
-78.934687	35.043224
17.909191	59.520115
153.088989	-26.670749
-73.997722	40.723596
-117.918669	33.641132
136.94873	34.9029
136.952202	35.166706
-74.008991	40.708229
-87.430806	41.551365
-69.078372	12.198607
139.710217	35.646632
-118.601199	34.257225
139.745711	35.667756
-0.104756	51.52012
130.484564	33.692724
-115.335552	51.063749
-1.462104	53.378235
-122.328322	47.597091
-2.803247	54.031527
-85.590236	42.971589
-77.94471	34.225726
-75.386986	39.930623
0.0	0.0
-82.743663	27.726972
151.116667	-33.683333
-86.579036	34.691762
139.368333	35.587778
6.156261	52.25709
10.0	53.55
-78.631362	35.77443
-80.430522	43.683494
121.539155	24.956869
9.987181	53.54598
-105.087484	39.802764
10.717066	59.915251
8.423656	49.011508
20.468056	44.818611
-76.13436	36.881491
-78.670306	42.900614
-73.980821	40.76539
17.991283	59.338919
-118.386471	33.903022
138.0	36.0
-84.128902	31.618459
-96.794868	32.807866
-81.379237	28.538335
139.552438	35.637621
-71.059773	42.358431
-87.070084	20.635515
-73.918748	40.69427
-104.979751	39.764486
-97.638546	35.580214
-122.470299	47.22244
-121.89579	37.263516
101.7	3.166667
-80.014718	40.457092
-79.379926	43.655911
-105.26691	40.009454
-61.566667	10.716667
-117.210301	34.139362
138.0	36.0
-115.162194	36.136368
-157.857449	21.300303
0.0	0.0
-76.291811	36.847367
-80.940237	29.091191
-98.007287	26.155053
135.363403	34.787354
-104.93359	39.704987
106.828012	-6.306621
28.949661	41.013843
-73.98724	40.725567
-84.392505	33.75615
-105.142393	39.927261
-104.999193	39.747855
2.666667	41.616667
-86.570508	30.762133
-97.32085	32.725409
-73.969321	40.690449
17.945868	59.355202
-76.725067	37.293367
-79.449614	43.866814
-76.601547	39.28341
-95.36475	42.003028
-74.005973	40.714269
-4.0	54.0
-84.447163	39.075061
141.341937	43.093086
-112.036167	33.505624
6.570885	51.332766
-117.284355	33.097046
-79.838659	40.395625
-66.499894	18.248288
-111.863001	33.393169
-77.126781	39.025493
144.977389	-37.800941
-80.843127	35.227087
14.442986	50.090877
139.578055	35.553577
137.233749	36.760514
-84.296312	33.774828
-87.564195	37.982103
130.516667	31.516667
123.883746	41.860678
-96.373561	30.672741
-77.042841	38.910929
-80.14639	26.162224
-2.711447	53.764181
-122.349945	47.654668
139.884173	35.625672
-117.87248	33.616736
139.729126	35.662075
-1.207778	52.766943
106.80227	-6.277197
139.632381	35.777496
-15.391174	27.93483
-75.613537	40.24395
-122.456297	42.199032
-96.802949	33.039798
-105.053892	39.748319
-71.998133	42.575088
139.777008	35.713344
139.745411	35.658632
18.163529	59.30969
-73.206886	40.821998
-0.090243	51.505933
-122.99611	38.501857
-71.464991	41.977906
-77.416669	38.475306
-98.493628	29.424122
151.091563	-33.8669
-76.617591	39.286453
0.0	0.0
17.93767	59.295925
-71.352964	41.878125
-71.084684	42.323038
-80.001591	40.452964
135.41742	34.7179
-118.38823	33.946285
-73.561412	45.514982
-104.99291	39.74607
-105.038123	39.773101
11.082128	49.44473
12.91591	41.813936
143.216794	42.934745
-121.308189	38.721806
-75.977985	36.852926
-157.858333	21.306944
141.71581	39.107475
-94.712963	38.971018
-117.291982	33.036987
-117.20756	32.900291
-71.059773	42.358431
-106.346771	56.130366
-122.359951	47.629766
-8.665573	52.12355
12.454786	41.90218
35.075397	47.858094
-112.012771	33.377917
-121.893199	37.335515
-1.37	54.871389
-74.007447	40.726565
-88.839173	43.444026
-118.39417	34.076179
-118.267992	33.828749
18.056686	59.331095
-77.117285	39.012956
-94.599961	39.071556
-1.462104	53.378235
0.0	0.0
-73.467345	40.776488
-96.321759	30.649795
-94.38396	39.344309
2.17598	41.397964
-0.056544	51.523573
-0.583333	51.5
9.079147	45.809418
121.098889	14.629167
139.559444	35.706111
-72.519178	42.377573
-96.24899	30.556367
-79.506279	8.991913
0.0	0.0
-82.914923	42.390057
139.715127	35.667898
-80.119937	40.702374
0.0	0.0
-122.171973	37.453447
-71.089022	42.340219
-87.118301	36.053791
-1.25596	51.752221
-122.330417	47.617009
-75.17596	39.956961
-122.677664	45.512691
0.0	0.0
139.796712	35.713881
18.070709	59.332554
-112.064666	41.089388
-122.080716	37.414733
-104.984417	39.740036
-76.744645	39.460965
-0.241667	11.058056
-94.942438	32.728747
-2.716667	53.766667
4.90164	52.37746
-77.006399	38.897772
-86.447151	30.387223
-121.942881	37.701589
12.91591	41.813936
-122.419415	37.774929
-94.578567	39.099727
0.0	0.0
-87.647548	41.877304
-111.947552	40.713848
-78.680016	33.816006
7.6	47.783333
-84.519375	34.101487
-116.202118	43.617232
2.158985	41.388787
139.766233	35.674727
35.075397	47.858094
135.495758	34.703003
8.9223	44.485432
139.65	35.733333
100.545054	13.69557
-96.796013	33.025394
-123.069341	49.316362
-84.326521	33.790591
103.94358	1.346875
0.0	0.0
-0.187586	51.486708
-151.476551	59.645595
-120.7338	35.178884
-74.005973	40.714269
-80.731854	35.141904
-117.172012	32.722162
-122.350789	47.618223
-0.220842	51.492232
13.000731	55.605869
18.062639	59.329468
0.0	0.0
0.0	0.0
-0.45342	51.470341
0.483333	51.733333
-2.356374	53.806251
-73.692032	45.570347
-106.369929	35.124246
-75.182119	41.475922
0.0	0.0
-99.40075	35.385159
-2.161073	53.631633
-8.616667	41.15
-84.391608	39.081824
-122.411849	37.786317
-98.5	39.76
15.199033	59.270562
-122.420767	37.798143
-97.516428	35.46756
6.038638	46.201548
-81.379237	28.538335
-111.955592	33.442154
-75.409751	40.097557
-87.733393	42.033364
-95.23483	38.965837
-0.554565	51.313629
-89.679508	30.525469
-77.886652	34.210448
13.4	52.516667
-75.135954	39.970201
-117.646787	33.653019
121.027043	14.551327
4.916957	52.344684
-84.396266	33.81216
-103.385374	20.637506
-73.954147	40.691284
-79.416304	43.700114
-87.607095	41.796353
-121.740517	38.544907
139.55105	35.319706
-80.769072	35.189124
-119.808392	36.830094
-86.618842	30.405755
-75.143397	39.952089
136.653671	36.569214
-87.11359	37.775834
174.773793	-41.296697
-81.538684	28.393619
-117.918669	33.641132
-84.512661	39.099918
-117.913307	33.917921
-118.057846	34.107231
-77.26526	38.901223
-84.345039	33.740124
-121.844874	37.18899
4.913528	52.352814
-94.41741	35.351784
141.583333	38.9
-120.938122	37.646136
-73.967242	40.673608
-94.541814	38.795244
-77.016365	38.900112
5.046904	52.114087
-98.305092	26.222736
-96.806667	32.783056
18.07786	59.293855
-98.465813	29.437916
-70.61436	-33.437183
-91.530168	41.661128
141.354524	43.054535
-95.363271	29.763284
-97.25848	32.934326
4.852009	52.354188
-118.431086	33.973467
-76.994473	38.933234
-115.171349	36.121244
-105.01665	39.613321
139.278051	36.007433
136.917622	34.873439
0.0	0.0
5.996749	53.290154
139.522222	35.723889
-97.681325	30.419744
-118.495574	34.018483
8.533333	51.2
-2.161073	53.631633
-73.992898	40.746918
-104.984703	39.739154
0.0	0.0
-78.876925	42.90223
0.066667	51.183333
-157.815069	21.287949
-118.250375	34.044809
-122.400747	37.792871
-88.404083	44.262932
-149.886872	61.194991
-71.284503	42.583426
139.812191	35.699695
-73.974675	40.790884
-79.4168	43.6667
-122.677075	45.519577
-79.39014	43.638098
130.956757	33.943825
-119.696793	34.419189
-80.864171	35.22778
-97.668146	30.202633
-81.583629	28.398461
0.0	0.0
-117.688944	34.012235
-114.130941	46.954495
-85.518498	42.913083
139.675684	35.591719
-76.848306	39.099275
101.7	3.166667
-81.603919	41.124005
-114.010508	51.130568
-71.100082	42.339199
-118.317379	34.19055
-96.705444	32.972352
-71.00938	42.11337
-105.010453	39.757421
-77.013549	38.781237
-122.867883	45.847892
0.0	0.0
-111.856807	33.349699
-117.931387	33.993473
-94.672386	38.874856
-105.011242	39.758015
-96.814226	32.805428
-80.396735	27.313174
-95.944047	41.159122
-89.749527	36.233679
39.743106	45.244671
3.613889	51.5
-98.553282	29.420085
-25.239351	37.750429
-80.194415	26.146245
-122.266355	37.531081
-81.497568	41.105854
121.52499	25.0392
-74.270751	40.652098
15.0	49.75
26.691158	-26.813223
-157.984845	21.47986
-96.623941	40.820027
10.750895	59.93764
-111.806322	33.383351
-117.146187	32.747442
-98.553282	29.420085
-87.624958	41.883856
-76.724656	39.061797
137.093411	36.723014
-77.096204	38.886568
131.595708	33.2279
114.180649	22.300308
4.72684	50.865533
9.0	34.0
-84.444032	33.639975
0.0	0.0
1.675564	50.409944
-112.074153	33.497798
-0.190297	51.481124
-75.164679	39.947554
-77.05	-12.05
170.516429	-45.866248
-75.868299	41.261582
-89.504288	43.097217
-84.351685	33.979752
-96.715602	32.94935
139.435407	35.573049
-80.096154	26.635901
30.0	27.0
-95.364243	29.760993
-118.022975	33.781162
-76.305833	39.566838
-122.332071	47.606209
-75.711603	39.846777
-111.965783	33.318515
-75.144344	39.766503
-134.404683	58.300159
8.45	48.066667
-117.202631	32.904591
139.691706	35.689488
151.199341	-33.872055
10.494134	63.426932
-75.711603	39.846777
-118.255075	34.142508
139.866667	35.716667
-92.258573	38.591175
115.125217	-8.5413
17.960212	59.284797
-122.177082	48.051764
-112.066855	33.445587
30.307374	59.80561
-0.583333	51.5
-8.561617	41.334045
0.0	0.0
-1.64882	42.825971
-104.867526	39.54379
-105.278925	40.01815
25.583333	-33.966667
-87.032443	36.12878
-123.335964	49.382948
-77.44783	38.95338
-92.224315	34.815091
-105.283941	40.03695
-122.332071	47.606209
20.468056	44.818611
121.517762	25.090968
-73.560011	45.597427
-81.386719	28.549092
-84.61549	34.023434
-84.387982	33.748995
-70.833333	-33.566667
138.487627	35.021381
-85.657875	42.954926
151.207323	-33.86785
-87.915624	42.370974
141.755025	43.188612
-94.585686	39.067998
-120.670726	35.489417
-77.464352	43.207339
-84.356003	39.221929
120.615867	24.111791
-84.868045	35.163686
-83.00903	39.996886
18.1	59.466667
-89.40123	43.073052
114.127894	22.502596
-93.470786	44.854686
0.0	0.0
12.534628	55.679375
0.0	0.0
139.666832	35.662527
-80.193659	25.774266
-118.193434	33.790503
131.604444	33.237222
-122.33506	47.613758
106.829444	-6.174444
11.033333	50.983333
-122.316773	47.601658
-63.596849	44.651986
0.0	0.0
-99.127571	19.42705
-92.536586	45.123021
-157.886786	21.395099
0.0	0.0
-76.305597	39.436434
-157.862498	21.335333
-77.001079	41.24119
153.083333	-27.533333
-97.738623	30.265065
-97.101991	49.837345
-123.083828	44.058724
-2.583333	51.45
139.694693	35.530999
-98.025509	43.7145
-95.363271	29.763284
-97.743061	30.267153
-80.298106	40.700342
-122.418149	37.768697
-89.679508	30.525469
-90.136387	35.156097
-116.872571	32.928838
0.0	0.0
-77.563602	39.115662
-118.0078	33.6944
2.363067	48.898573
0.0	0.0
-83.144241	42.488122
139.281787	35.642228
10.0	53.55
139.689723	35.706894
-104.984703	39.739154
0.0	0.0
2.357954	48.919535
-122.389903	37.615463
-83.380271	42.220238
-80.090584	26.545331
-118.134529	34.146821
-118.015587	33.732307
139.745015	35.658748
-94.547533	39.148712
-83.95346	33.97352
-118.243685	34.052234
-82.112864	28.018632
-122.646263	45.512686
-117.672818	33.606281
139.342808	35.323364
12.570934	55.677681
-3.5	53.316667
-118.135222	34.14589
-76.640173	39.466034
-109.576498	38.602405
-82.458428	27.947522
139.702593	35.647804
-77.515031	38.317821
-0.685264	51.419525
16.030446	49.888949
-0.110619	51.536467
-122.312779	47.614924
9.146503	45.186104
-3.495157	50.742246
-74.499875	40.167056
-87.909937	43.043032
-104.951143	39.744928
-77.016365	38.900112
-95.596054	29.90889
-122.092814	47.701921
-93.290703	37.193771
-90.561965	38.601989
-73.545923	40.724814
-83.693509	43.019619
-104.98248	39.762146
2.339212	48.856787
0.01133	50.873632
-77.084145	38.89039
139.682895	35.669883
-83.278485	30.832702
-0.8	51.816667
4.298611	52.076667
-122.353392	47.616276
-77.106367	38.953722
-114.010508	51.130568
139.732146	35.663692
15.216667	59.283333
-98.5	39.76
139.483333	38.233333
-79.2667	43.8667
-117.300878	34.426389
-112.107222	46.320207
-73.082056	40.735932
0.0	0.0
121.0375	14.643889
-79.506279	8.991913
-122.677075	45.519577
-87.650052	41.850033
18.100619	59.310958
-105.128125	39.920434
-93.676922	32.477893
-80.101722	40.368681
-81.391434	28.623978
-0.677505	51.427261
-123.069341	49.316362
-3.033333	53.4
-122.325525	37.562992
0.0	0.0
139.568548	35.620015
-84.387982	33.748995
-1.883333	50.716667
0.0	0.0
139.729187	35.660398
9.055571	49.167905
0.0	0.0
18.062639	59.329468
10.685173	59.919771
-94.7139	39.297599
-122.128585	47.643583
151.211786	-33.861961
-118.26769	34.07723
-1.916667	52.466667
-110.926479	32.221743
139.736499	35.686278
-118.247716	34.04833
-94.611746	39.057273
139.437161	35.531458
-122.267389	37.864876
9.123455	48.638691
-80.848935	35.288319
-122.292897	47.185378
5.123544	52.094772
-105.199268	40.091466
-76.29937	40.052402
139.409534	36.166515
-78.603338	35.784247
-74.358204	40.297332
-75.060631	38.58804
115.771501	-31.746955
0.0	0.0
4.700925	50.87959
-78.703257	35.856759
114.180649	22.300308
-73.994711	40.738746
26.233333	60.45
-121.302688	38.694001
-94.472034	37.123672
-117.943716	33.91794
-119.772366	36.747727
7.74779	48.580338
115.760922	-32.314777
-118.557667	34.415678
-86.784443	36.16589
0.0	0.0
88.35	22.65
-122.3839	37.616476
140.881149	38.258854
-106.609052	35.082778
-73.873209	40.777742
-80.415503	37.230806
-77.256776	37.570583
-121.802173	36.684403
-118.081733	33.902237
-149.900278	61.218056
139.774219	35.698683
153.033021	-27.47527
-81.324318	28.579712
-82.77205	27.96772
153.012962	-27.448503
17.617675	59.071516
-94.681044	31.917947
-82.42583	28.03266
130.325767	33.582463
-98.5	39.76
-122.014944	37.333438
-87.637547	41.88298
-122.057225	47.550418
-66.056542	18.420274
-83.234103	42.687532
139.775648	35.709035
6.614722	36.365
-119.800327	36.758824
-117.208651	34.128344
-96.955338	32.935577
-87.634423	41.911227
151.182562	-33.94252
-114.010508	51.130568
-111.904657	40.349117
-82.554015	35.600945
-81.32458	28.623847
-81.337464	28.754026
120.298981	22.610464
9.094446	45.442069
-102.394032	30.142408
-82.344572	27.991524
2.1662	41.3906
139.716537	35.627371
18.062639	59.329468
139.671625	35.704448
139.700262	35.659532
-117.426047	47.65878
-80.052938	26.713643
-81.393706	40.838662
5.966667	46.233333
-95.41485	29.72527
-104.675031	39.848233
153.409046	-27.961892
-96.683416	33.10146
0.0	0.0
139.716683	35.672105
-105.277423	40.015413
-84.281886	33.778893
-93.243847	37.202991
-117.156271	32.706303
-92.334072	38.951705
0.507934	51.874579
-76.594518	39.296465
-73.974248	40.693686
-118.38823	33.946285
-77.640546	38.653731
-86.8436	33.296224
0.0	0.0
-118.473525	34.032584
-87.650052	41.850033
-77.475267	38.750949
-71.464991	41.977906
-157.868353	21.336301
-83.14444	42.305703
0.0	0.0
4.871589	52.386084
-76.290564	36.880836
-122.258469	37.479722
153.061214	-27.533125
-77.033213	38.896422
-80.310168	25.823504
-163.193333	-18.060833
16.351546	48.254115
-77.189997	39.085707
-122.028834	37.377147
135.5	34.666667
139.705894	35.690055
-98.493628	29.424122
-81.379237	28.538335
-4.0	54.0
4.850446	52.396521
-112.045158	33.067697
-122.408461	37.788955
137.16722	35.206094
-76.595638	39.152089
2.19651	41.435555
-71.028159	42.369031
0.0	0.0
0.0	0.0
0.0	0.0
-76.284355	36.883479
-118.382738	34.061084
-105.256712	40.044001
0.0	0.0
139.621493	35.869177
-77.439822	40.490946
0.416953	40.399714
-157.828409	21.278638
-121.909752	36.539578
0.0	0.0
-83.987962	33.956215
-112.067199	33.521304
-87.632519	41.889183
-104.991931	39.744916
-87.675798	41.930261
-100.31127	25.722417
-105.22569	40.10171
-116.419389	38.80261
0.0	0.0
-9.133333	38.716667
37.617633	55.755786
-83.038351	42.343584
7.606606	47.581285
-87.63838	33.169073
-1.795685	51.069313
55.28	25.252222
0.0	0.0
22.0	39.0
-157.836326	21.303501
-121.741123	38.541215
-95.048891	40.237913
0.0	0.0
5.199344	52.102811
-2.929801	43.266343
0.0	0.0
0.0	0.0
15.661294	38.110467
-117.92398	33.809375
-119.020064	35.377325
-122.676207	45.523452
-96.67055	33.103174
139.733883	35.698331
-122.656367	45.531346
0.0	0.0
-87.595955	41.782211
-98.385436	29.58851
15.622258	58.402623
-118.243685	34.052234
4.391217	52.061789
-113.499104	53.55884
-98.5	39.76
-120.995521	37.678775
-115.154273	36.144008
-76.13436	36.881491
-76.75658	37.284598
-75.620765	40.028996
-71.098612	42.362377
-104.987713	39.657304
0.0	0.0
-112.072521	33.456606
-2.265677	53.422868
37.578049	55.788134
6.996667	50.928885
-71.058447	42.366144
151.208365	-33.837643
-78.886751	42.893768
-87.574571	41.7807
139.556193	35.313543
12.269714	57.775467
139.622715	35.466188
-104.987607	39.706709
-75.685427	45.425389
-118.46531	34.20482
-118.32706	34.101254
-66.105722	18.466334
-115.13457	36.05776
-74.001269	40.742546
-97.151931	29.287747
-93.188008	37.393298
-118.448135	34.046399
-117.164412	47.665705
-80.177176	26.002014
8.23865	49.980399
103.846507	1.29628
-84.387982	33.748995
-0.175094	51.501423
-122.326016	47.625146
-87.650052	41.850033
139.633587	35.893867
-81.406667	28.545027
139.710106	35.64669
-94.688414	38.943768
-157.842075	21.318432
-122.35642	47.618068
-157.862678	21.309207
-95.992775	36.153982
-122.897232	49.246286
-79.055845	35.9132
-1.960402	52.488149
-95.363271	29.763284
130.878156	33.884479
17.633333	59.85
-74.005973	40.714269
-85.846954	42.167263
-1.883333	50.716667
152.968742	-27.617123
-122.402127	37.783743
-157.85779	21.314443
-82.442913	28.186032
-0.083333	51.316667
15.111792	59.066103
-122.406668	37.797865
2.10786	41.344382
-117.361331	34.368833
-1.480078	53.38504
-90.107953	32.414022
-71.429667	41.733593
-96.062156	41.337722
0.0	0.0
5.091305	51.555515
-82.322386	29.648983
-70.87367	43.197862
18.133056	59.166667
-118.094754	33.865521
-122.581779	47.786676
-121.975513	37.268832
-84.108985	35.858221
-93.676922	32.477893
2.19651	41.435555
-76.60719	39.23741
-83.39778	41.914296
18.022536	59.318236
-86.692525	41.828097
-76.658659	39.957516
0.0	0.0
-82.554983	27.394682
-122.424732	37.777028
145.462981	-16.475431
-74.491929	40.957694
9.9	57.016667
6.216258	49.634484
-85.174544	35.095739
-1.8264	51.178902
-92.534033	34.608585
17.115905	59.645419
139.661172	35.788833
-95.363271	29.763284
2.194862	41.392136
13.434917	52.534085
-76.29808	39.552607
-97.048286	32.896211
-122.205404	47.76232
-0.449652	51.381505
-2.673476	53.723263
-0.083513	51.505838
115.8	-31.933333
9.192013	45.466061
-90.197889	38.627273
-78.886751	42.893768
-121.904556	36.619306
-110.974001	32.221367
-80.275614	25.796549
-8.654929	41.149953
4.867089	45.778935
-104.98776	39.647765
-113.901596	32.704492
-73.560011	45.597427
-8.491873	51.893497
151.178753	-33.949892
-122.469199	38.504533
151.954185	-28.646473
-115.087646	36.07821
-122.279569	47.634821
-81.379237	28.538335
-122.302626	37.554521
-87.740448	41.788423
-79.995886	40.440625
-3.640276	40.456847
-96.949178	32.891764
139.52825	35.614632
-105.279695	40.017983
9.34938	45.434982
0.0	0.0
-84.358665	33.851543
-74.005973	40.714269
139.630162	35.645444
-95.283396	38.962914
130.636681	33.792682
-79.982378	40.427524
-122.87988	45.536137
0.0	0.0
-77.05	-12.05
-76.613258	39.195833
-80.391257	43.453014
145.468994	-36.5588
-86.108758	39.917141
-112.074334	33.50067
139.729218	35.660394
-105.270829	40.016858
-82.87561	40.02877
-1.101208	53.974465
115.163393	-8.653767
-105.110892	39.909088
8.807774	53.075156
136.879417	35.170347
13.421548	52.54172
-74.043571	40.718494
-82.076216	28.036905
-97.611344	38.800274
-117.206915	32.875819
0.0	0.0
-94.608202	38.984815
-117.891068	33.702579
-74.005973	40.714269
-88.310657	41.889623
13.168114	55.726205
4.9	59.3
-122.121512	47.673988
-75.67601	36.030723
-0.456523	50.944614
-71.563238	41.484123
-77.035392	38.909662
-72.677694	41.92418
-122.431445	37.78524
4.630793	52.264463
-94.505572	39.139494
-119.69819	34.420831
-118.2548	34.1646
-96.948894	32.814018
-121.920667	37.427311
-77.041458	38.80658
-87.991197	41.825649
2.3	48.8
0.0	0.0
-81.555137	28.362549
0.0	0.0
-78.105487	39.173984
139.62019	35.910083
-77.021919	38.899234
-4.0	54.0
-94.576485	39.02425
0.0	0.0
-4.483333	54.15
-88.128787	30.765002
10.765442	45.564941
0.0	0.0
-88.310657	41.889623
139.700736	35.659435
-118.393509	34.076173
144.963323	-37.813997
-122.011108	37.304596
-79.971795	40.428534
0.0	0.0
-105.270546	40.014986
0.0	0.0
-122.435665	37.655116
-79.921508	40.434808
-115.169603	36.100333
12.576968	55.680333
153.409046	-27.961892
-1.965224	52.437939
-97.389034	37.693178
-87.627982	41.903733
-72.158084	41.371927
-118.280008	34.092077
-93.204403	30.213092
73.497559	4.258926
-74.411651	40.905096
-97.803667	30.271336
29.765577	62.603478
-9.133333	38.716667
-86.695391	33.58947
-122.07705	37.414457
-121.917578	37.416502
-66.665582	45.945415
-121.740517	38.544907
17.957622	59.364593
21.227222	45.749444
4.433333	51.2
-83.164892	39.99437
-122.317404	47.665153
-121.530234	38.580461
-121.878741	36.951894
-97.14479	32.985003
-87.67923	42.033869
0.0	0.0
-83.18206	42.246204
139.686539	35.740341
-92.246323	32.416763
-66.015537	45.311133
-77.083252	38.858966
0.333333	46.583333
-76.487804	38.977437
-80.006309	40.434479
-122.422839	37.739543
-76.345222	37.029869
12.636401	55.642805
-96.775614	32.836121
-105.037205	39.836653
-79.055845	35.9132
-2.85	54.066667
-65.97873	18.42829
139.744377	35.670419
5.214128	52.370254
0.0	0.0
-122.332071	47.606209
-122.480843	48.747499
-77.084145	38.89039
-75.167099	39.955101
-84.444038	33.641547
-86.784443	36.16589
-106.09841	39.574702
0.0	0.0
-158.007222	21.315556
-74.482028	40.459933
-121.508614	38.565958
-90.063209	32.338622
138.390383	34.970662
6.632824	46.515996
-117.208651	34.128344
-0.461351	51.349274
-93.093274	44.94441
-122.237027	37.737367
0.0	0.0
-122.060796	37.947979
139.925538	35.639672
130.402448	33.591463
-93.160148	44.449424
-97.688045	30.218455
-77.095918	38.768243
-0.119923	51.522209
8.437155	48.059697
29.766667	62.6
-88.050446	42.127568
139.258393	35.790284
-90.704279	35.842297
135.766619	35.003304
-104.998314	39.749871
-94.66957	39.27784
-116.203451	43.6135
-83.045754	42.331427
-105.01665	39.613321
120.322321	22.623449
-90.053181	35.140772
118.777778	32.061667
139.447437	35.546439
-80.87743	35.152852
-80.843127	35.227087
-2.982101	53.660713
139.776671	35.658413
-5.090546	55.507044
-74.005973	40.714269
-88.993687	40.484203
-96.773106	32.842884
-76.290558	36.880852
-77.007739	38.897288
-95.363271	29.763284
0.0	0.0
-1.916667	52.466667
-117.938023	33.836164
-111.751034	39.250239
-70.589444	-33.420212
-115.31923	36.189439
-73.582058	40.627433
-98.635361	29.52868
8.617597	50.130589
-122.332071	47.606209
-87.673725	41.969387
-77.071908	38.920972
114.173468	22.27667
132.555436	34.245407
0.0	0.0
9.189231	48.771401
-71.416167	41.700101
-121.874111	37.25069
-121.484188	38.577874
-48.549167	-27.596667
153.061214	-27.533125
139.703525	35.671356
-3.1275	51.638056
-122.476787	37.810462
-118.144515	34.147785
139.576712	35.37528
-71.546076	-33.021606
-73.213169	41.481485
-118.243685	34.052234
0.0	0.0
-122.26385	37.797162
-73.9906	40.686123
-76.875528	39.004554
2.372194	48.85397
-80.726254	28.354927
-83.016638	42.609143
-162.816667	61.133333
-104.999596	39.749331
-93.234949	45.160799
138.6	-34.933333
141.342601	43.046817
-120.593909	35.125814
-74.131697	40.070261
-121.906624	37.428272
-87.527325	37.940587
130.773229	32.771218
-122.401662	37.770456
13.024429	43.842604
-80.198781	26.235403
120.990567	14.596123
-76.612189	39.290385
-118.370489	34.096453
-122.121512	47.673988
139.705382	35.761866
-100.7861	46.807596
0.0	0.0
145.08175	-37.709191
-0.025496	51.510945
-96.806667	32.783056
-122.391675	40.58654
-118.308806	34.061703
-69.078372	12.198607
-99.127571	19.42705
-79.942892	40.444579
-121.768009	37.681874
-77.391797	38.958952
-105.205677	39.665636
18.0	59.25
-76.305833	39.566838
-43.2075	-22.902778
-104.821363	38.833882
153.062076	-27.36946
-111.999	41.103505
-118.393502	34.073814
135.767377	35.005022
-98.336403	29.565229
-122.332875	47.606145
12.526719	55.645701
-2.4333	53.5833
-95.368815	29.792298
0.067073	51.485541
139.477203	35.666204
-105.000224	39.754103
-86.778436	33.521366
0.0	0.0
-2.583333	51.45
-73.41848	41.417198
-82.800103	27.965853
0.0	0.0
-43.175721	-22.93675
-9.29531	38.706776
-81.840591	26.62168
-95.456119	29.779856
-77.43401	37.533471
-97.520867	35.459719
-75.726319	40.25814
-74.0081	40.709809
-104.990968	39.755152
-77.077308	38.863861
-86.536081	39.171698
-93.735098	39.006432
-99.081477	40.699457
21.227222	45.749444
2.3488	48.85341
4.65	52.5
-73.985817	40.757703
-88.230168	40.108103
152.883333	-27.533333
-85.616642	42.943936
18.003368	59.236969
-123.188162	44.072009
-8.823974	42.406218
0.0	0.0
-77.386098	38.969555
-76.702192	39.198719
-79.249584	43.166815
-86.909576	40.024765
-78.473762	35.650005
-121.978975	37.391618
-84.121971	33.895494
-122.282446	37.487283
-75.726301	40.257871
55.28	25.252222
-9.133333	38.716667
-84.290497	30.438956
-93.806865	35.150925
-117.823111	33.669465
-96.652302	34.802627
-83.358444	33.947976
140.286891	35.436273
-8.663246	41.170837
-105.022225	39.62411
-93.620403	41.587366
-118.391628	33.842546
20.25	63.833333
-110.846764	32.24987
-1.583336	53.80436
24.94016	60.162837
-72.335	18.539167
-94.652756	31.61798
-157.861575	21.311117
120.581111	30.001667
10.0	53.55
-122.182387	37.421916
6.813954	50.806264
18.071188	59.316438
7.6	47.783333
-90.298057	38.655297
37.617633	55.755786
-105.031498	39.743706
0.0	0.0
-122.352432	47.61571
-73.996133	40.737053
-94.723701	38.956468
-73.98424	40.761845
-8.561617	41.334045
-1.465902	53.38297
-112.085705	33.52782
-111.553377	40.684028
-79.506279	8.991913
28.083333	-26.2
-84.385099	33.761583
-122.465969	37.764065
101.596856	3.121608
120.616407	24.191449
-122.356745	47.623496
-4.259965	55.863326
139.779911	35.680283
-122.258284	37.854411
139.792718	35.695044
120.982222	14.604167
0.0	0.0
6.116667	46.2
-155.75834	20.024168
-2.0	8.0
-72.510669	41.781389
0.0	0.0
-94.581456	39.012925
151.157841	-33.910898
-74.12431	40.812045
-105.270546	40.014986
-90.341197	38.603517
-80.114698	26.264717
139.745411	35.658632
139.756507	35.656007
-73.949582	40.650104
-105.273639	40.009417
139.696899	35.531328
-81.042099	34.03168
139.646196	35.872156
0.0	0.0
-73.979702	40.752209
-87.987231	42.13912
-1.208372	54.562454
-111.900387	33.228096
-72.928158	41.308153
-76.612189	39.290385
-8.299167	51.857222
-88.461027	44.268029
-95.269935	29.82967
-122.676207	45.523452
139.702667	35.683197
-121.975513	37.268832
-88.536407	30.356815
-73.982535	40.769431
-90.146744	32.34253
-80.843127	35.227087
0.0	0.0
-3.178609	51.487579
0.0	0.0
130.4	33.583333
18.067397	59.335376
