139.766899	35.677993
10.719765	59.935503
-2.237434	53.480946
-121.935792	37.702152
5.122222	52.090833
-115.137223	36.174971
-84.218573	34.155989
-74.002694	40.733113
139.834131	35.146541
-97.240385	32.866332
0.0	0.0
-73.329286	40.761765
-87.993776	42.139164
103.96324	1.32392
-117.157255	32.715329
-71.101113	42.363839
17.969853	59.360892
120.982222	14.604167
80.585999	16.53561
-96.786368	46.879022
139.889929	36.588395
-112.074487	33.607658
140.966667	42.316667
-83.221873	42.473369
-93.263836	44.979965
10.878961	56.413089
10.74919	59.919467
-76.304245	36.866241
-70.75789	43.06927
8.683333	50.116667
-122.200679	47.610377
144.990792	-37.868267
0.0	0.0
-118.243685	34.052234
-111.964558	33.385285
10.394773	63.430943
-81.814756	26.431266
0.0	0.0
-118.083005	34.123252
-122.419415	37.774929
139.705288	35.692976
-98.262601	29.588358
143.741673	43.794449
-95.537317	29.86104
-105.277487	40.019136
-94.58005	39.092871
-1.97964	52.485098
-111.891047	40.760779
-86.21055	39.911902
-118.127015	34.095287
-105.094961	39.985764
-104.831919	39.729432
-81.061169	29.02402
4.636831	52.380839
-118.242485	34.053156
-123.328393	42.439007
26.1	44.433333
0.835736	51.890252
4.34898	50.917457
-7.75	53.666667
-82.339053	27.110996
139.733132	35.6462
-88.824294	43.475159
-105.269824	40.019698
18.08131	59.333481
15.633333	78.216667
126.922771	37.547952
-83.067965	40.298672
135.498324	34.675653
-122.139524	37.699552
-0.187411	51.531308
-77.434807	37.541384
-117.937632	33.704456
-84.162549	33.871288
-121.485865	38.582772
121.9274	11.971839
-1.601571	54.961756
-123.328852	48.091905
139.356796	35.332169
-88.993687	40.484203
139.975112	35.704365
140.391667	35.763889
153.05	-27.533333
0.0	0.0
-80.430522	43.683494
139.061883	37.912027
-104.98248	39.762146
-118.232911	34.165077
106.601844	29.574586
0.0	0.0
120.168889	30.255278
-122.50634	37.746203
-118.451745	33.980289
138.243123	37.171084
-70.350882	43.537862
-73.985506	40.757929
105.0	35.0
114.173468	22.27667
-122.327596	47.607159
12.577301	55.680809
6.014343	59.148954
-98.685339	29.576832
138.0	36.0
-87.893157	42.076469
-119.939072	39.089352
-81.603919	41.124005
-87.908962	43.073272
-80.268384	25.72149
-117.90006	33.91668
-94.658675	38.91704
-122.182757	37.453627
-97.677256	30.379657
-77.016365	38.900112
-82.529406	27.408194
-85.405992	31.247454
115.756037	-32.366649
-122.757038	38.50891
12.574818	56.274065
-0.75	51.416667
-118.337646	33.825195
-73.543855	41.061528
-105.252794	40.01473
-76.463574	39.412607
139.666527	35.598228
-96.73421	32.975667
-85.30913	35.054693
-95.968328	36.022873
-76.724076	39.109616
34.836667	32.165833
-79.556653	43.613621
-72.913293	41.512518
-3.640276	40.456847
-112.070593	33.452214
-104.98776	39.647765
114.727669	4.535277
-77.608482	37.652187
5.108153	52.076488
-114.479703	42.591898
139.117234	34.939474
-2.994756	53.409581
-157.852428	21.302167
-118.383596	34.09066
-118.134529	34.146821
-80.256693	40.495999
-84.387982	33.748995
0.0	0.0
-151.476551	59.645595
-121.31692	38.7155
-94.518124	39.130581
-86.10393	42.790332
106.860833	-6.156111
-112.346398	33.764561
-117.871856	33.598393
0.0	0.0
15.686266	58.431281
-121.946719	37.325601
-122.997378	44.961065
-97.514513	35.477645
0.283327	51.507995
-83.687687	42.255393
139.884946	35.691866
139.604892	35.654595
0.0	0.0
-83.740883	42.277563
-71.425451	41.829013
-73.777986	41.0572
-82.786976	39.936895
2.366667	48.9
-73.927164	40.858194
-81.31144	28.44175
-96.921928	33.046228
-93.093274	44.94441
-95.048891	40.237913
-82.9732	40.144405
13.656057	43.39285
-79.995886	40.440625
139.403182	35.334963
-83.740883	42.277563
-112.107222	46.320207
-0.161449	51.512837
-91.005602	30.452319
139.685762	35.710422
-157.9685	21.393351
-112.006423	33.43476
-121.163836	38.763235
139.698041	35.65964
-74.365427	40.414829
-1.499011	53.37567
13.393792	52.517351
0.0	0.0
-88.986329	31.889239
-97.211088	32.922367
-86.673943	34.713385
-105.087484	39.802764
-98.5	39.76
-77.595382	43.147532
100.368683	5.346092
-3.711208	40.423228
-79.506279	8.991913
136.933333	35.066667
-84.572996	37.880634
141.348259	43.085111
-98.387855	34.604112
136.905418	35.159115
2.34439	48.81958
-85.99682	42.826818
-46.660557	-23.543727
-117.273493	32.840032
37.644579	55.76871
-81.377758	28.541943
-84.247284	33.89132
-82.244459	27.93768
139.766779	35.727432
-73.056495	41.222319
-87.633197	41.877997
-83.221873	42.473369
144.875143	-37.824576
-80.000429	32.784591
30.315785	59.939039
-75.605488	39.960664
77.6564	13.0232
-78.61418	33.873228
-122.525239	47.635955
-155.076654	19.712011
-100.791874	46.822301
-96.625326	32.328704
-2.888971	54.047902
-95.861123	41.261943
2.171324	41.387281
152.930099	-27.177631
0.0	0.0
-87.883399	42.033362
-122.699409	45.534775
139.701613	35.659112
-120.643312	35.248902
-95.301062	32.35126
-77.491446	37.454808
137.841814	36.314433
-122.332071	47.606209
139.703653	35.664437
-122.418573	37.763366
-80.320206	25.597122
139.507603	35.6038
-75.349912	39.902057
-77.413395	38.470049
17.914581	59.6548
-93.292279	37.22842
-93.170672	44.940029
-77.001079	41.24119
0.563506	52.74388
4.700925	50.87959
-94.689077	38.957194
-112.066071	33.449381
0.0	0.0
0.0	0.0
-122.356407	47.623566
-122.333504	47.600881
-73.946579	40.71286
-94.497523	38.82904
0.0	0.0
-1.498672	53.473249
-98.707574	35.526163
-83.505384	41.628776
-117.183089	32.685885
141.293974	43.047712
-87.632149	41.933462
0.0	0.0
18.05286	59.343846
-117.918669	33.641132
9.991508	54.058453
-73.992842	40.729553
-74.005973	40.714269
139.700513	35.659444
-112.074037	33.448377
-87.588136	41.791624
-116.527101	33.836628
-73.432344	40.81621
-85.348312	32.649063
12.691108	56.049544
-119.072357	35.306454
-86.184527	41.69847
-117.688944	34.012235
-81.341117	28.528615
-117.721873	34.0026
-81.042099	34.03168
-157.998569	21.428479
-34.863056	-7.115
-117.707112	33.524985
10.824936	60.685669
-122.486919	37.613825
-122.419096	47.575393
-105.277236	40.01703
0.0	0.0
-81.454844	39.415352
-70.895234	43.200661
7.116667	43.583333
-98.602517	29.55208
-121.494359	38.581562
0.0	0.0
-84.133377	33.957221
18.07158	59.31013
-79.416304	43.700114
-94.189362	36.057022
-83.621906	42.201746
-81.591306	41.487588
2.5	48.716667
139.659664	35.575741
-84.508442	39.104194
-85.756817	38.255221
-111.852685	40.690419
-77.055979	38.871008
-73.991712	40.760268
-105.500833	39.00027
4.471163	51.03331
-81.522375	41.521725
-122.345216	47.616186
139.66656	35.661637
135.497511	34.700936
-86.187442	39.591871
-83.481449	41.844113
-88.310657	41.889623
-104.984703	39.739154
-73.962433	40.695339
0.0	0.0
-74.011803	40.713175
139.72543	35.647953
-98.5	39.76
139.552782	35.92746
-75.441584	39.830112
12.526719	55.645701
121.4611	31.225776
-73.411509	40.853432
-77.446747	37.548116
-95.937792	41.25861
0.0	0.0
-83.7	9.35
-89.670485	38.691682
7.866667	49.833333
153.433428	-28.027819
-79.33066	43.673295
139.613979	35.504369
-96.823735	32.741902
-96.671508	32.957529
-90.187305	30.630189
-105.939209	35.687231
-87.59711	41.79796
-86.536081	39.171698
-73.952028	40.797352
-94.531778	39.107101
-117.914504	33.835293
-122.419415	37.774929
-122.298149	37.88015
-115.176416	36.116143
-74.632936	40.569547
-122.332071	47.606209
0.0	0.0
7.774801	49.359346
-76.473904	39.372617
-122.296547	37.523827
2.353795	48.861741
-118.308922	34.061497
-75.146139	39.949925
-87.892196	41.563098
2.688904	41.627633
-0.085281	51.518664
-84.335965	33.922157
-97.744296	30.267012
7.751755	49.42306
0.483333	51.733333
-105.015783	39.732828
-81.75757	41.46115
147.166667	-41.45
-122.419415	37.774929
16.372075	48.208488
-122.121512	47.673988
-77.036339	38.928371
-118.308966	34.180839
121.571059	25.049837
-116.97605	33.218486
-103.846863	20.87886
133.367314	34.483166
-118.436755	34.063145
11.966794	57.707162
0.0	0.0
-121.512277	44.035727
74.186356	32.102893
-82.355648	41.410938
-98.216987	26.267757
-82.025442	36.89605
-76.472185	39.394552
-122.332071	47.606209
140.5	35.5
-4.25	55.833333
-81.034814	34.00071
-105.003773	39.916494
28.083333	-26.2
-122.315507	47.626526
-120.670454	35.267582
139.931306	35.833422
135.75399	34.925921
-110.938826	32.163699
-93.558558	41.393782
152.930099	-27.177631
-154.493062	63.588753
-4.25	55.833333
135.5	35.166667
0.0	0.0
21.227222	45.749444
-122.422565	37.768654
-105.288201	40.037443
139.697906	35.689818
-84.382886	33.786843
-6.802778	34.039444
-82.3992	34.850824
-97.058693	49.828363
-96.801425	32.779772
-86.535462	39.166587
-73.957343	40.786904
0.0	0.0
-76.878141	40.261096
-75.670486	39.714834
153.016667	-27.433333
139.661172	35.788833
-93.263836	44.979965
-122.628347	47.626414
-157.865356	21.318618
-1.865224	50.722749
-97.722335	26.212892
137.405923	36.826301
-16.707566	32.749139
-92.342963	42.492764
21.615772	63.096001
4.811518	52.233038
-82.679266	27.770861
-73.777634	41.270927
-121.405835	38.455289
-82.667414	27.880502
0.0	0.0
114.860617	4.875853
-80.952574	35.320695
139.758397	35.667623
0.0	0.0
-93.265616	44.946401
-121.351485	38.658005
-104.999317	39.747733
-157.843201	21.291946
140.3375	38.252778
-118.39417	34.076179
0.0	0.0
139.731004	35.665725
121.519142	25.109174
-115.335174	36.158891
-77.584515	37.661543
-81.840591	26.62168
-80.286696	25.704184
-73.981764	40.763122
-81.215561	37.793854
-86.759721	36.172556
11.753625	57.74348
-87.655363	41.948304
-111.84125	33.30616
-81.516406	41.076451
-82.669415	40.36516
139.699024	35.644609
-81.533129	28.325288
139.682282	35.678451
-116.872571	32.928838
-122.393107	37.785947
0.066667	51.183333
-98.333529	26.169449
-122.366083	37.584103
139.443922	35.508399
-87.975844	42.242332
-118.243685	34.052234
139.704364	35.815725
-87.526042	38.697607
41.926611	45.010471
-86.795713	33.498175
139.452222	35.639722
-0.20133	51.477418
-79.953247	40.879056
139.751159	35.626963
-115.172989	36.117225
-75.163789	39.952335
144.97839	-37.800035
-112.107222	46.320207
12.56738	41.87194
16.0	48.25
4.391217	52.061789
0.0	0.0
-77.036562	38.897665
0.0	0.0
-3.206268	55.948317
-0.01058	51.514296
-97.098692	32.939502
-96.806667	32.783056
-122.389903	37.615463
0.0	0.0
-87.216915	30.421309
4.97656	52.308618
-84.387982	33.748995
-78.090157	40.060569
-88.249606	40.114556
-86.636858	34.712817
139.57073	35.620488
2.363067	48.898573
-77.096707	38.996945
-157.938001	21.381767
-149.910983	61.195198
139.633423	35.739431
24.760263	59.430839
0.0	0.0
-73.956671	40.666288
-100.08073	20.607582
-83.650499	42.238777
-86.772881	33.465153
11.605656	44.816999
-122.250399	37.799826
-90.186776	38.955603
-122.412447	37.775585
139.707832	35.730507
-54.632236	-16.466812
-2.534747	53.583312
-71.438804	41.839296
139.69784	35.662348
139.621139	35.462344
-85.753017	38.184514
-71.477147	41.732693
-80.849242	35.223803
-77.860001	40.793395
20.304837	63.821268
-73.988367	40.764185
-85.683937	42.863877
-77.057397	35.104253
-104.984703	39.739154
-73.002205	44.508892
15.506529	50.608896
-122.536978	45.560689
-46.636111	-23.5475
-117.872168	33.712616
-6.389911	54.449405
174.767938	-41.309648
6.515278	49.776389
139.099027	37.911841
-73.974938	40.7549
2.000898	41.569594
-65.972184	18.254765
-94.289266	33.471839
-122.392848	37.782456
-122.375804	47.570548
-73.945538	40.807798
-117.903428	34.089117
-106.561042	31.836581
-97.147045	49.884399
-1.489296	53.678687
-97.610653	35.529659
-76.612189	39.290385
-80.952574	35.320695
-85.760281	38.254186
130.444322	33.584844
0.0	0.0
-87.11333	37.774215
139.699447	35.675747
153.127476	-27.621551
139.749838	35.654071
0.0	0.0
-104.89907	40.473976
-85.5718	38.268129
-90.422618	38.660885
-73.602055	40.744575
-4.381073	55.606033
-72.64158	42.173036
139.65	35.45
130.487021	33.591013
143.857618	43.79762
-117.915202	33.796523
-119.695964	34.418192
-104.9743	40.160671
-93.397454	45.188854
-118.359523	34.18195
4.85939	52.334421
-97.516428	35.46756
-104.792784	40.392822
-2.716667	53.766667
0.0	0.0
144.967346	-37.815446
139.768564	35.68371
18.015625	59.327043
-74.005973	40.714269
-117.930758	33.811571
139.960471	35.894922
-122.027535	37.04563
150.916667	-33.766667
-84.924386	35.141753
-73.357895	41.141486
-158.064821	21.335572
-88.206464	30.741222
137.212952	36.690789
-87.893578	42.026286
-114.072274	51.04677
138.148174	36.581527
-76.428003	36.978759
1.183333	51.083333
-122.982907	45.322413
-95.363271	29.763284
-74.290702	40.477884
-121.4709	38.57059
-86.135501	39.712235
-73.994711	40.738746
-95.632391	38.928118
144.963323	-37.813997
-111.720599	33.23381
-83.059817	42.378689
139.576042	35.701243
-87.767767	41.98512
-77.17352	39.060131
-79.506279	8.991913
-86.602996	34.744862
0.0	0.0
5.127172	52.114123
-84.387982	33.748995
-98.5	39.76
-96.932031	33.021199
-2.55	53.6
-79.191534	36.551362
-98.534876	33.871805
0.0	0.0
-118.314584	34.076239
-97.754374	30.250912
-122.268841	37.474904
139.727799	35.625735
-78.635941	35.778793
144.966681	-37.815107
-122.206481	47.675335
-96.806667	32.783056
-78.790208	35.876409
-112.108467	33.66761
-118.027391	33.785268
121.475	31.222222
-83.46665	43.653511
0.0	0.0
7.0	43.6
12.91591	41.813936
-76.303656	36.835376
-111.930941	33.493073
-77.488234	37.557411
-119.037602	34.216394
-154.493062	63.588753
-96.770371	33.056012
-122.375	37.618889
-86.148392	39.689315
-78.659593	35.789019
-73.211658	40.736572
-86.586104	34.730369
26.1	44.433333
-155.989649	20.757587
-84.155741	31.578507
-104.912197	40.336927
8.521516	47.387665
124.171524	24.344357
151.61828	-32.781422
-95.048891	40.237913
-78.875041	42.918268
135.76141	35.029114
121.029444	14.556944
130.627957	33.409417
-121.914007	47.647879
-112.383035	33.533586
-74.005973	40.714269
-122.332071	47.606209
-84.280733	30.438256
-87.649479	41.947268
-93.580577	41.715027
-70.757259	43.076932
118.755278	30.9525
140.3	35.0
-73.943049	40.669677
-102.0	23.0
-118.442914	34.028057
-73.986825	40.640307
-77.041074	38.90468
0.0	0.0
-122.282446	37.487283
-84.523989	39.335857
4.699228	50.877849
-102.394032	30.142408
134.924343	34.691813
-95.283378	38.962934
-4.223878	55.767366
-105.251239	40.033172
-84.349238	33.767451
-75.026926	39.902462
-157.788991	21.277887
112.5	2.5
120.982222	14.604167
-122.274911	37.77138
11.047562	60.004379
-94.605136	39.057237
-97.743231	30.251466
-75.076919	39.859235
-106.586333	35.127412
-122.771194	45.43951
130.385109	33.577112
-116.314248	43.591142
-88.37505	42.087
130.528437	33.314409
-84.404319	33.772049
-46.636111	-23.5475
4.493056	52.0575
4.871589	52.386084
-85.68146	42.956681
0.0	0.0
-98.682602	29.485611
0.0	0.0
139.309178	35.884237
-115.27221	35.466653
14.383333	67.283333
-122.419415	37.774929
20.468056	44.818611
-118.492268	34.019122
-82.647089	27.802746
139.630735	35.895035
-73.983611	40.779167
-81.795105	41.482863
-84.23403	33.83579
-121.947784	37.321854
0.0	0.0
-105.939713	35.68648
18.4167	-33.916698
-4.25	55.833333
138.6	-34.933333
-105.167389	39.955376
-97.677256	30.379657
-70.255326	43.661471
-157.843893	21.291141
-88.050446	42.127568
174.776639	-41.278536
18.062639	59.329468
0.0	0.0
-96.802182	32.864257
139.450833	35.540278
-112.134876	33.683928
138.998587	35.258378
137.624172	36.12335
-158.007222	21.315556
-96.799904	32.794327
-111.96392	33.401595
139.675684	35.591719
-95.464097	37.667407
-118.435599	33.990017
-86.150071	39.773533
-117.413511	34.224652
2.3488	48.85341
-74.032363	40.743991
-77.007856	38.900455
6.116667	46.2
-75.490183	40.60843
-121.98694	47.73256
-97.337768	37.685393
140.006561	35.875014
-95.363271	29.763284
-122.366083	37.584103
121.098889	14.629167
139.734336	35.662519
-73.990476	40.761278
-77.021361	38.903245
135.695785	34.926771
24.666667	60.216667
-79.392704	43.670002
-118.260518	33.844145
-73.416789	40.729266
-0.05	51.55
-116.940487	32.746931
8.45	48.066667
-97.706696	26.184387
140.445417	36.389572
14.514722	35.899722
130.553043	31.592154
-81.027063	35.259613
-105.007477	39.746381
0.080406	49.3657
-112.847373	33.435434
-111.889595	40.760722
-74.595965	40.880242
6.13	49.611667
-87.67923	42.033869
-95.957183	36.059787
-104.949425	39.720399
139.783333	35.883333
-84.3765	33.7368
-92.781039	45.021356
121.029444	14.556944
-118.376603	34.077447
-121.861921	37.358044
-121.79726	37.253433
139.711727	35.597241
0.0	0.0
-93.263836	44.979965
-117.955582	33.645151
-84.727828	45.868624
-122.204683	37.476017
-91.118161	30.352971
10.397393	63.432716
-75.508267	40.60963
-71.255804	42.365441
0.0	0.0
-82.826826	37.118432
-117.202936	32.825077
-0.516667	51.433333
-97.516428	35.46756
-83.651606	42.46059
121.029444	14.556944
-65.799932	18.07213
151.194966	-33.883621
-118.243685	34.052234
-122.030796	36.974117
-121.4944	38.581572
-0.028021	51.506699
-121.4944	38.581572
-76.327766	36.946823
-80.729234	35.3025
-104.764722	39.598333
-114.085285	51.050112
-98.652863	29.495782
-118.38945	33.779358
-105.140158	39.764491
-101.922404	33.532619
0.0	0.0
0.0	0.0
-116.203451	43.6135
-84.598795	39.243752
-2.216667	53.4
-96.344633	30.619127
12.977935	55.61093
-78.787781	43.000244
10.404098	63.432905
-79.416304	43.700114
147.166667	-41.45
18.010731	59.288991
-73.573681	45.5143
7.076088	48.321267
-118.5439	34.3526
5.331713	60.387662
-118.361381	34.061885
-77.05	-12.05
-110.658885	50.00477
-114.099059	51.064539
139.577371	35.360067
21.29606	48.682051
139.729461	35.674546
12.91591	41.813936
-76.1925	36.92144
-96.8145	33.094
-16.259738	28.456423
-73.123158	41.228775
20.264485	63.826852
139.751389	35.685
-85.388456	38.403597
114.069843	22.546745
-112.075968	33.503378
-81.489763	28.666045
-77.249705	38.658172
-122.357242	47.617682
150.883333	-34.433333
-2.366667	55.933333
-76.670897	39.174578
-82.613548	28.454081
136.901842	35.145643
-87.628356	41.878183
139.67627	35.60733
-3.95	56.116667
-79.995886	40.440625
-89.384563	42.926112
-80.094209	26.934225
0.0	0.0
-84.198292	33.91983
-111.976155	33.394255
-81.503128	28.395285
103.794773	1.287825
-105.27878	40.016512
-70.641951	-33.443135
-118.252391	34.074237
-117.823111	33.669465
-118.133264	33.759649
-0.187782	51.522738
-122.419415	37.774929
-83.239661	42.784475
-89.467924	43.060917
0.0	0.0
0.0	0.0
120.6181	31.3114
-96.806667	32.783056
-85.674096	42.888755
-77.009049	38.884099
-122.30372	47.53691
139.911548	35.798388
-77.032034	38.901294
-105.2304	39.99834
-79.942892	40.444579
-0.357666	53.742966
0.0	0.0
-78.647532	35.78552
-94.367418	32.544871
-82.018916	28.137035
-88.243383	40.11642
-72.033408	42.075095
-88.230168	40.108103
-80.292099	25.702357
-104.98776	39.647765
0.0	0.0
-73.997297	40.721518
-3.364451	55.948472
139.550208	35.702307
-96.806667	32.783056
139.634278	35.797287
120.948056	14.6675
-2.431797	53.100846
-118.325739	34.101218
-80.314923	25.688951
-122.409689	37.742307
-97.668146	30.202633
-82.100106	39.872863
17.931739	59.331988
-90.109236	32.414351
-112.154398	33.45913
-122.419415	37.774929
-82.985755	42.470178
-105.260127	40.000308
-122.675789	45.552258
-122.419096	47.575393
-81.342449	28.508642
-2.856869	54.009393
139.677543	35.679008
0.616667	41.616667
-94.417343	35.351744
-1.342253	54.232687
-2.345071	51.359521
-82.669415	40.36516
153.037131	-27.460354
2.4494	41.5324
-71.41008	41.814194
103.8	1.366667
-76.90567	40.272453
-81.379237	28.538335
-97.710609	30.307498
-81.201199	28.602942
-85.518498	42.913083
-87.786171	41.947969
5.79682	53.21566
-73.987499	40.747356
0.0	0.0
-86.536081	39.171698
101.678684	3.072232
-79.416304	43.700114
-79.99197	32.821483
-122.393473	37.780707
-73.767172	40.658456
-122.182187	37.453827
-76.420497	36.823191
127.679255	26.213781
-81.649377	26.606367
-154.493062	63.588753
-157.739444	21.402222
-84.200684	40.008295
-86.36568	39.628266
-96.799904	32.794327
-118.117012	33.881682
19.033789	47.554086
-117.422035	47.687057
-93.288032	44.953876
-74.005973	40.714269
139.566667	35.766667
-117.426047	47.65878
-85.918944	39.938563
-75.009507	40.204801
-81.086171	32.077168
-117.745331	33.608357
-99.49796	32.413573
140.812125	38.075775
2.109853	41.345659
-1.93319	50.769531
-99.127571	19.42705
-61.528549	16.219653
-94.670792	38.982228
-96.074408	41.247441
-77.020149	38.899574
-105.227234	40.04184
-118.267685	34.077229
-103.200674	44.100419
-76.705527	39.104843
-122.075413	37.419156
67.7	39.533333
0.0	0.0
121.033302	14.5833
-122.341518	47.755653
-96.800949	32.790222
-77.579723	43.213395
-122.332071	47.606209
-111.841322	33.386055
-71.147806	42.357372
-79.142246	37.413754
-77.030141	38.895878
-85.390489	31.223231
13.421548	52.54172
120.168889	30.255278
20.261973	63.8255
-74.012385	40.892493
-111.517624	32.977839
88.35	22.65
2.166987	41.388748
-118.417403	33.900504
-105.096802	39.812836
-84.519375	34.101487
-115.259628	36.048267
-104.864613	39.414199
-111.274851	32.377101
-81.042099	34.03168
139.787121	35.699623
-73.918748	40.69427
-80.01214	40.467755
139.845598	35.721974
-111.795765	40.376895
5.783333	53.2
0.0	0.0
130.448318	33.636372
12.571869	55.677704
-0.159155	51.513319
-82.183842	28.237598
127.660214	26.158981
-104.984703	39.739154
-119.813803	39.529633
139.661172	35.788833
139.454453	35.487686
-96.700812	33.020139
3.024544	39.863305
8.649129	49.588447
2.341697	48.861437
-87.689224	41.975865
-77.430241	34.754052
-122.028961	37.330534
-0.125533	51.508415
-111.702173	40.356227
-111.682588	33.307132
-80.005574	40.443246
-94.655516	39.217447
151.178904	-33.808387
-122.343679	37.580304
-66.085972	18.452411
144.984211	-37.81962
-0.82784	51.81406
139.76162	35.656779
-122.160916	37.443496
174.776505	-41.286569
136.880225	35.171723
-80.952574	35.320695
-58.379807	-34.60141
-79.893934	40.432656
-71.541894	42.345475
-87.741583	41.789706
-115.811434	37.243478
135.695785	34.926771
-122.332071	47.606209
0.0	0.0
9.733222	52.370516
-104.957396	39.717079
-96.652302	34.802627
-95.23525	38.971669
0.0	0.0
0.0	0.0
-121.929958	37.721318
-118.189235	33.766962
-122.877604	45.754281
153.05	-26.683333
-93.263836	44.979965
-92.49736	31.146576
-101.881516	33.578001
-159.491878	22.204182
-122.412447	37.775585
-100.915649	32.708046
0.0	0.0
-73.979473	40.759896
-94.723701	38.956468
-77.374653	38.47091
-77.083252	38.858966
-0.755825	52.041722
0.0	0.0
-118.480954	33.999401
-84.394732	39.208371
-1.150475	52.953602
0.0	0.0
-117.023084	32.767829
-77.109394	38.935748
0.0	0.0
-122.397484	37.777565
-104.901838	39.569836
-97.736111	30.270048
-75.136193	40.232087
135.817628	34.992305
0.0	0.0
17.629753	59.861517
-70.255326	43.661471
-112.076051	33.454552
8.502961	47.357852
-74.077036	41.230813
-1.497681	53.683314
-74.167241	40.736359
-117.619154	33.419313
-121.29839	38.203792
-2.745209	54.148621
-87.772922	41.821537
-81.230343	28.648053
-84.378326	33.884152
-78.631362	35.77443
-112.074037	33.448377
139.971516	35.862309
-0.09067	51.52488
139.666933	35.690519
-78.647532	35.78552
8.24726	50.0847
-93.142754	44.953008
151.208934	-33.83421
-111.9762	33.377384
-112.06621	33.44954
25.583333	-33.966667
-117.992326	33.68252
-118.308966	34.180839
21.29606	48.682051
-76.469988	37.112612
139.765717	35.672303
139.703966	35.690637
-76.529857	38.995588
-77.057397	35.104253
139.700162	35.661768
-117.426047	47.65878
-98.401975	29.494297
139.751389	35.685
-90.197889	38.627273
-75.535654	40.041874
-117.746735	33.651076
0.0	0.0
-117.164412	47.665705
-122.419415	37.774929
-118.193032	33.767582
-122.383976	37.599784
-118.326641	34.093846
-8.399033	51.824434
-158.007222	21.315556
-122.217066	47.482878
-118.14465	34.144513
-112.255237	33.465066
-117.019177	32.782989
-88.298522	30.631045
10.716439	59.943729
-84.86013	33.835068
139.873146	37.645815
170.516429	-45.866248
-86.796728	33.490434
-115.171528	36.111814
-119.775735	39.504141
-87.625067	41.878896
0.0	0.0
-66.111076	18.369381
120.982222	14.604167
13.089619	52.396266
18.048528	59.338463
-3.233333	54.116667
-76.612189	39.290385
12.371736	51.339586
-82.529343	27.316088
-122.103188	37.666115
-74.005973	40.714269
13.002944	55.605773
-118.243685	34.052234
24.834981	60.186982
-99.16832	19.4214
143.884003	43.808048
116.397228	39.907498
-93.263836	44.979965
130.553043	31.592154
2.010438	41.30343
149.125238	-35.279822
-97.681067	30.483039
-95.937792	41.25861
140.036683	35.646741
-118.308966	34.180839
-70.337532	43.634603
-99.40075	35.385159
-79.142246	37.413754
-82.321482	29.651953
-75.313039	40.255855
-79.368387	43.665314
137.405381	36.809659
-115.206701	36.110412
-58.426743	-34.584625
-122.371769	47.654851
-122.407781	37.78247
-72.508187	41.589374
-121.779916	37.245609
-97.516428	35.46756
-122.403986	37.790475
173.285186	-41.270088
139.731586	35.664619
-0.20133	51.477418
153.114855	-27.390077
8.506042	47.382977
11.6793	58.2367
8.987732	48.786499
-76.994473	38.933234
-81.034814	34.00071
-73.983833	40.725883
-85.243912	35.019981
4.385406	50.817947
114.150074	22.284014
-97.707517	30.280004
8.649129	49.588447
1.106873	41.15612
121.524367	25.06527
-2.296173	53.467903
-97.571098	35.563405
-72.685093	41.763711
-80.829783	27.243935
-122.3299	47.604415
6.083422	50.776636
-85.756817	38.255221
-122.31348	37.543916
-112.456399	34.489943
2.3488	48.85341
-97.251682	32.93457
139.787988	35.683219
-112.07253	33.458955
-75.237266	39.876266
-118.464639	33.990525
-86.167228	39.76581
-84.350456	33.819007
-93.8139	41.288446
0.0	0.0
-97.39981	32.675982
-122.811185	45.424704
139.724159	35.672765
114.946553	4.944108
135.461324	34.83326
-76.780752	39.296315
-97.990549	26.175346
-97.677866	30.413599
-122.39188	37.61476
12.577301	55.680809
150.396909	-34.463117
-111.970517	33.270931
139.677794	35.674742
-76.317414	36.292707
138.938059	37.742877
-118.144515	34.147785
-2.888672	53.498695
-78.641367	35.795078
-96.520639	39.84156
-84.327416	39.269188
-1.883333	50.716667
-94.578567	39.099727
4.461951	50.892691
-95.278501	32.317465
-105.003896	39.748264
-122.419415	37.774929
-104.984703	39.739154
-65.799932	18.07213
-97.775649	30.282807
-118.163452	34.016243
0.0	0.0
-81.591425	26.307227
-84.29409	34.075376
-76.262166	36.905321
-71.464991	41.977906
-76.298136	36.865364
-157.870576	21.318448
-80.841971	35.200006
2.65924	39.58773
140.812125	38.075775
-118.2379	33.791441
-77.245636	40.177551
-122.415472	37.768635
-76.798707	39.267066
-2.05	52.45
139.719593	35.76812
-97.743061	30.267153
-81.471717	28.445853
-122.332071	47.606209
-118.14266	33.77761
-74.069239	39.947609
-82.231816	39.458681
-79.232403	43.725055
0.0	0.0
152.973084	-27.414276
139.737564	35.629005
-99.250606	31.250442
-96.847486	32.411824
-105.301567	40.003829
-82.344572	27.991524
135.535396	34.61056
-46.683924	-23.580932
-96.982774	30.65696
-0.549316	52.064101
-76.549642	44.257515
0.0	0.0
-95.937792	41.25861
4.635917	52.385124
-96.707192	33.009243
139.419934	35.462669
-79.054589	35.908162
-71.059773	42.358431
-86.009658	39.803962
-58.43248	-34.552704
0.0	0.0
-77.034824	-12.121686
139.653257	35.881127
113.25	23.116667
-77.057397	35.104253
-73.969154	40.755977
-75.165976	39.943554
-87.669171	41.910045
-86.009658	39.803962
-122.75916	45.317489
-78.898619	35.994033
-74.502776	39.980493
4.666667	50.9
-89.40123	43.073052
-3.666483	40.470792
-87.799558	42.059617
0.0	0.0
-82.757311	27.920644
-112.10755	33.376148
-75.163789	39.952335
-96.848836	33.020526
-122.419415	37.774929
8.796487	52.204553
-95.617072	39.015127
145.305236	-38.001447
-122.365591	47.663866
26.721553	58.383368
4.391217	52.061789
0.0	0.0
4.492968	51.919516
-111.987242	40.652772
2.3488	48.85341
-1.295944	51.082581
7.0	43.6
106.829444	-6.174444
-71.412834	41.823989
-98.472059	29.60947
14.2	46.3
-105.011551	39.758038
-93.11173	44.938082
-117.416739	47.660127
-82.262604	28.01837
-4.0	54.0
6.493735	46.1532
-74.173176	40.287462
-75.247445	39.87398
-74.014306	40.787879
-122.82494	45.506936
-111.947552	40.713848
-118.470974	34.053128
-80.407399	37.149428
-81.034814	34.00071
-100.915649	32.708046
-87.093592	37.772221
-83.191757	42.232506
-118.15027	33.77895
-81.200056	42.983888
-74.005973	40.714269
4.847222	52.386667
0.0	0.0
28.083333	-26.2
-0.096577	51.508057
-0.687087	51.41581
-122.437155	37.772294
-155.863876	19.913616
-82.512846	27.962507
-86.045365	39.892505
-83.030203	42.580312
-93.308048	37.198848
-99.1386	19.4342
136.904231	35.163639
-70.374469	41.705664
-2.583333	51.45
139.580655	35.259483
2.238936	48.883415
139.481462	35.58341
138.253063	36.067864
-122.257191	37.503159
-77.028067	38.928487
-71.394203	42.304124
114.200745	22.342468
-100.765423	41.123887
-86.651385	36.470323
-87.625677	41.885408
-2.283333	53.016667
-77.001079	41.24119
-122.419415	37.774929
-85.516686	42.789198
-105.270546	40.014986
-118.343157	34.089988
0.0	0.0
114.171943	22.323055
-79.648341	43.501822
12.110882	47.790497
-0.566667	51.216667
139.427967	35.388417
-122.039262	36.967588
145.1	-37.9
-118.2943	34.101748
6.960194	50.945373
-122.676207	45.523452
130.766667	32.8
-90.182553	32.30654
-97.853069	30.578806
-79.377901	43.649136
-73.557338	42.748967
-94.599339	39.046027
0.0	0.0
-73.987173	40.68746
7.166667	4.433333
-75.977897	36.858387
0.0	0.0
-118.400356	34.07362
5.5	59.333333
-118.367246	34.16084
-90.24523	38.643895
3.207421	51.003144
-78.792343	35.87289
0.140456	51.580571
121.559834	25.091075
139.670616	35.815432
-97.14479	32.985003
-2.883407	53.190552
-98.60947	29.579176
-93.216944	44.883333
-76.205495	36.855511
-105.081426	39.776611
-87.595955	41.782211
139.731545	35.665355
147.166667	-41.45
144.968887	-37.819687
-94.591108	39.056803
4.32095	52.094428
-122.444183	47.257126
-112.127096	33.540319
-111.718157	33.606395
-122.62826	47.613725
-122.407186	37.790365
0.0	0.0
-105.277568	40.018289
153.047241	-27.466759
0.0	0.0
-112.074595	33.488769
-73.657043	41.003351
-72.599534	42.587586
-105.218628	40.016637
151.209471	-33.834386
0.0	0.0
139.701664	35.657058
-84.447163	39.075061
-98.691261	29.435136
139.633639	35.456956
-122.346193	37.580003
77.619835	12.871887
-122.213364	37.420351
-105.013211	39.732472
-79.903929	40.412222
-73.966053	40.804453
37.414722	55.972777
-157.862571	21.311436
-95.402301	29.707493
4.62463	52.259533
-95.722333	29.874725
-105.14886	39.72094
-80.728252	35.304914
7.0	43.6
-118.314946	33.790295
-157.917148	21.367154
-84.004351	34.120656
-84.3847	33.753727
-84.424062	33.810034
-76.340053	40.03823
-122.230067	38.122451
-95.363271	29.763284
-75.014691	39.975976
-86.669441	35.952285
139.580287	35.703303
-95.363271	29.763284
-94.367418	32.544871
-111.40292	35.917889
-73.784565	43.08313
-81.16064	36.145965
14.2	46.3
-86.784443	36.16589
-117.300878	34.426389
-105.064468	39.880157
-117.345767	47.675171
-93.263836	44.979965
137.244797	36.084875
138.266667	36.4
-84.389151	33.756345
140.477156	36.342847
-79.072155	35.9098
139.583953	35.703279
139.731232	35.607715
-80.134683	26.746265
-90.653196	34.54415
-74.007937	40.723541
-101.870017	33.587985
-71.48654	42.305327
-93.198053	30.050909
-73.994993	40.760287
-84.213531	33.941213
-111.642224	33.459458
-95.363271	29.763284
-116.759226	36.908557
-92.397795	34.870038
-90.153605	38.359866
-81.565172	41.497345
139.02497	37.922652
8.385328	49.005491
-118.243685	34.052234
-77.544634	34.4278
0.5094	51.26819
139.622715	35.466188
132.464106	34.392975
141.350801	43.068625
0.0	0.0
2.3645	48.726299
139.916667	35.683333
24.771466	66.085381
3.716667	51.05
139.763907	35.691861
-87.475155	36.710877
-111.96835	33.504479
0.0	0.0
-118.163452	34.016243
-87.671692	38.901711
-73.788071	40.64248
-74.320465	40.686676
0.0	0.0
0.0	0.0
-76.517415	38.950806
138.383333	34.966667
-71.130385	42.393843
-106.731818	32.272375
-122.332071	47.606209
-73.972782	40.747258
-94.578567	39.099727
4.899902	52.373084
-0.10304	51.536219
77.365807	28.64415
139.677686	35.662599
-123.101024	49.249948
-122.03635	37.36883
17.991283	59.338919
-117.669899	35.619676
-97.742336	30.264255
-83.055203	42.691657
-118.361506	34.078985
-149.881332	61.474319
-98.5	39.76
18.072868	59.335983
-122.334563	47.611205
136.805812	35.236379
-95.363271	29.763284
0.0	0.0
6.157446	51.369211
-69.078372	12.198607
12.091656	47.739958
0.0	0.0
4.383333	50.85
18.074229	59.316832
-87.595955	41.782211
-66.11232	18.465332
-71.445001	41.964011
-96.24899	30.556367
0.0	0.0
16.515471	59.370946
153.1	-27.433333
-2.233224	53.467926
13.156146	55.394268
120.982222	14.604167
-118.127015	34.095287
-122.413098	37.765618
-95.048891	40.237913
2.185499	41.403257
-111.968643	33.338043
-111.929658	40.56217
12.750924	56.022937
-104.993318	39.753248
-119.047096	35.355576
139.68841	35.63574
-3.466667	55.933333
-118.178348	33.770155
-113.532346	53.545558
-80.143379	26.122308
-123.945115	45.606362
139.633423	35.739431
-73.969155	40.689453
-122.027535	37.04563
-2.555	51.424444
150.935889	-33.89507
139.773423	35.685619
-118.148712	34.147662
-94.575789	39.246391
-118.259147	34.119034
-75.163284	39.941485
-4.248528	55.859251
131.664159	32.581633
-122.870864	42.353624
-85.056729	41.102414
101.7	3.166667
135.230781	34.953942
-76.612189	39.290385
103.819836	1.352083
-87.650052	41.850033
16.851185	41.117734
12.483333	41.9
-90.501385	38.592256
-111.891047	40.760779
8.241893	50.08637
8.185887	60.539539
-114.086211	51.037833
-77.132928	38.869284
-73.96193	40.715904
-75.1181	39.7089
-95.562998	29.887725
-87.895027	37.932266
-85.827567	30.18881
-95.362819	29.76054
-81.514802	26.219337
9.717529	46.164856
-80.146054	26.071654
-77.029974	38.959579
0.0	0.0
-78.063033	35.210499
-86.630888	34.651426
-86.24718	41.821035
-96.671508	32.957529
-94.639869	38.953042
-111.651273	35.198067
-71.390285	41.947726
-122.146613	47.77928
-122.399143	37.79108
-80.244216	36.09986
-49.066111	-26.919444
-70.94811	42.759814
16.633333	57.75
-117.876383	33.788207
106.678555	10.772462
-122.121512	47.673988
138.187013	36.663119
139.676183	35.677061
-0.123563	51.429949
103.84408	1.299652
2.2	48.883333
-81.571977	28.462663
-94.627457	39.114171
-49.066111	-26.919444
-96.797673	32.808044
-122.415896	37.804249
-76.292241	36.869161
-84.850456	35.205571
-61.516667	10.65
-78.790208	35.876409
-122.893576	42.355555
0.0	0.0
-122.469612	37.807537
-87.626726	41.896728
-158.150009	59.697569
120.982222	14.604167
-109.528748	40.455516
-79.399795	43.695646
139.729512	35.665819
113.543873	22.198745
-0.125533	51.508415
-83.773754	42.280877
138.0	36.0
-84.651702	38.991535
-88.193249	42.37462
-89.46505	43.544975
-83.701406	41.660465
4.461951	50.892691
11.55918	48.13953
0.0	0.0
0.0	0.0
-122.026779	47.163157
0.0	0.0
12.56738	41.87194
121.0375	14.643889
-73.957834	40.717701
-95.301062	32.35126
-121.314876	44.056606
-76.64157	37.235839
4.815192	52.440108
-86.510789	39.166957
115.86426	-31.947324
-79.2667	43.8667
-1.416667	53.7
-122.556475	45.571827
-80.185613	40.398125
-73.978667	40.774005
-74.097801	40.872092
9.190838	45.972983
-81.380599	40.938923
-77.339158	37.179751
-74.230537	40.893848
-4.0	54.0
136.627817	36.592935
-75.144469	39.978665
-122.332071	47.606209
-75.182119	41.475922
2.362606	48.864984
-112.080758	33.45112
-122.330144	47.662697
-92.361138	34.673377
-87.746803	41.708771
-79.951673	40.434762
-106.831716	40.484977
-74.145421	40.768434
-1.39906	50.898605
-118.252696	34.161441
-122.444183	47.257126
139.7347	35.662435
34.764722	32.067778
106.806039	-6.268991
-86.536081	39.171698
-118.243685	34.052234
-82.590376	27.42532
139.699765	35.662
-85.736111	38.174444
-72.988574	41.332224
-118.095939	34.125705
-96.836472	32.812874
-86.941879	34.44259
-94.674629	39.291805
-121.955236	37.354108
4.845868	52.303518
-82.324826	29.651634
-90.183268	38.630218
-97.743061	30.267153
-78.562986	35.533531
-85.710724	38.232779
139.659227	35.282422
-104.997496	39.74921
-77.046921	38.804836
-76.74088	34.697629
-84.561939	33.815738
-73.961098	41.527929
-77.005661	38.895958
-79.416304	43.700114
5.122222	52.090833
-87.702004	42.04261
-79.945357	40.454445
-87.914636	43.142066
-90.193781	38.631254
-105.975883	39.605229
-122.419415	37.774929
10.733499	59.948569
0.0	0.0
-8.654929	41.149953
153.05	-26.683333
-118.967446	35.350706
-104.913089	39.650222
-79.543482	40.300176
-87.885216	42.990446
139.720244	35.77889
-90.052662	29.963832
-84.387292	33.754182
-117.016667	32.533333
-118.267713	34.077606
-1.133333	52.633333
139.65	35.683333
-81.389714	31.158722
-114.010508	51.130568
-73.90066	40.935615
-104.984703	39.739154
-73.765076	42.663162
-117.1187	32.762589
138.046818	36.061375
-73.965991	40.697683
-79.416304	43.700114
-105.037205	39.836653
-83.059817	42.378689
139.702222	35.687453
-111.924174	33.826775
-0.216667	5.55
0.616667	41.616667
-119.791304	36.791306
-111.934698	33.306142
-82.458428	27.947522
-105.267851	40.016333
-118.153511	34.006672
-121.974312	37.403504
-104.984703	39.739154
-112.067199	33.521304
-90.066196	29.949589
5.3351	50.99593
-80.841971	35.200006
-96.332457	32.975173
-90.668702	35.823614
139.646485	35.844864
24.934167	60.175556
-118.492268	34.019122
139.723114	35.62442
-76.334784	37.051723
-104.998425	39.753628
-93.263836	44.979965
-75.161929	39.949768
4.391217	52.061789
0.0	0.0
-118.050511	34.144484
-116.527101	33.836628
-76.645956	39.356224
-77.425412	39.36011
138.8899	37.326411
-97.762132	30.255269
-122.419415	37.774929
-117.885552	33.887728
-2.644208	53.543259
-76.80942	39.37705
-110.936066	32.132095
139.604077	35.656374
-83.133821	42.680588
-72.676483	41.770248
-91.18073	30.443426
4.493056	52.0575
139.642222	35.870556
-118.189235	33.766962
101.7	3.166667
-90.362674	38.80499
-97.69282	26.190343
-122.112342	47.484823
0.0	0.0
-73.212072	44.475882
-9.133333	38.716667
24.75	42.15
-94.472034	37.123672
-74.007413	40.707253
-98.414096	29.521255
2.3488	48.85341
139.096205	37.945586
-89.630309	44.959535
-76.289663	36.849421
139.678046	35.646257
19.333333	47.45
-104.952413	39.718221
-122.80371	45.487062
-118.29591	33.738585
-94.578999	39.020119
-84.400013	33.781826
14.099731	46.425507
-80.177176	26.002014
-122.334131	47.626323
15.6	56.25
-82.669415	40.36516
-1.883333	50.716667
0.0	0.0
-111.889123	40.728172
174.77367	-41.296877
6.686373	52.377747
-87.697721	37.952689
-0.125533	51.508415
-77.486813	39.040344
-73.989483	41.14554
-105.270546	40.014986
-80.07282	26.461462
4.897556	52.366256
-84.361593	34.023155
10.738921	59.913246
-1.600916	52.81027
-117.914504	33.835293
6.166667	49.366667
12.72882	56.02277
-104.985693	39.760677
-122.661486	45.638728
-81.540013	41.225579
-77.498995	38.246654
-82.181897	36.594968
-71.061874	42.119278
-96.638883	32.912624
-121.990618	47.866316
15.0	49.75
-73.996618	40.737305
0.0	0.0
0.0	0.0
-118.336713	34.101538
7.68671	45.070603
-84.406761	39.465945
-96.784573	46.878
145.699036	15.140398
0.0	0.0
8.280995	49.995139
-151.476551	59.645595
136.905698	35.170091
-76.713581	39.212607
-87.74147	41.78744
103.8	1.366667
-81.774357	41.488281
-78.878534	42.904368
153.03367	-27.457442
-91.252704	43.812726
-99.279534	35.421994
-111.858199	33.575043
174.761232	-36.85876
28.416667	64.133333
-73.972476	40.754109
-86.106653	39.613658
8.649129	49.588447
-4.0	54.0
-8.54569	42.880524
-74.136536	40.773346
-6.248889	53.333056
-97.108066	32.735687
-120.435506	34.923393
-98.165105	26.300733
-102.396861	35.885593
-90.298436	38.655333
-144.075806	65.83049
-71.414845	41.823256
153.028092	-27.467936
-116.231801	33.714877
0.0	0.0
0.0	0.0
6.166667	49.366667
-122.629553	47.592425
-117.201808	34.062539
7.098445	50.736685
-121.802173	36.684403
-120.488253	37.89076
-97.91628	30.372414
7.866667	49.833333
-76.802714	34.735161
-94.58243	39.10298
-88.152394	42.064438
-4.020138	40.626487
100.368683	5.346092
37.665506	55.672134
-122.421372	37.756417
129.939401	32.867317
0.0	0.0
-80.193659	25.774266
-92.278354	34.751075
-118.542586	34.391664
0.0	0.0
7.0	43.6
-111.49896	40.648452
-96.8354	32.953735
-87.650052	41.850033
139.751389	35.685
-95.363271	29.763284
0.0	0.0
139.579007	35.357568
-80.585712	35.462407
5.127172	52.114123
-104.804418	39.740265
14.766667	47.966667
-2.800799	54.050989
-74.139131	41.071264
-95.23525	38.971669
139.751389	35.685
130.709381	32.799097
-114.127005	51.073053
-118.245006	34.042564
-4.0	54.0
-122.116522	47.435088
8.45	48.066667
-70.87367	43.197862
138.0	36.0
-121.358833	37.97968
139.583333	35.683333
-121.997813	37.960088
-83.47153	42.342122
12.573161	55.678744
135.499358	34.683293
-87.664368	41.949964
-97.055926	32.81966
-78.870036	42.965891
-79.86733	40.436124
4.97656	52.308618
-73.987143	40.744522
-76.526111	44.239709
-76.650854	39.37732
-72.930147	41.30786
-73.971248	40.675431
-117.886206	33.919026
-77.055979	38.871008
-90.107953	32.414022
10.776248	59.964152
-2.066667	53.483333
-87.070084	20.635515
-111.979281	33.594548
114.150074	22.284014
74.337143	31.507965
-71.129783	42.500339
-118.575592	34.381747
-0.137699	51.519868
-86.374631	39.61279
153.061214	-27.533125
